trans_x	trans_y	trans_z	rot_x	rot_y	rot_z
-0.0116919	8.62514e-06	0.0383855	0.00045802099999999997	-7.36566e-05	0.0
-2.3464899999999996e-05	0.07062310000000001	0.0296224	0.0008453089999999999	-0.000106872	0.0
-0.0311993	-0.00323245	0.0297158	0.00021040400000000005	0.000223273	0.00016156299999999998
-0.0311654	0.0465905	-0.013511700000000001	0.000244452	-0.000494057	0.000198097
-0.0383971	0.012073100000000002	0.041980199999999995	0.000137739	-0.000123046	0.0
-0.031192	0.0510177	0.0312995	0.0	-0.000123046	0.0
-0.0311915	0.0248407	0.032804	0.0	-0.000156198	0.0
-0.051727499999999996	0.0248407	0.034572000000000006	0.0	-0.000645638	0.0
-0.045734500000000004	0.0499345	0.012021299999999999	-2.64698e-23	-0.000645638	0.000219818
-0.06187090000000001	-0.00692364	0.034549800000000006	0.0	-0.000334398	0.000173108
-0.057218399999999996	0.0685896	-0.00287364	-0.000287247	-0.000645638	0.000276733
-0.0595875	0.0320402	0.0158774	0.000100722	-0.000751954	0.0
-0.0553925	0.0597078	-0.00192213	1.62844e-05	-0.00098544	0.0
-0.0429871	0.06146860000000001	0.035894499999999996	-0.00036089199999999997	-0.0014056	0.00037663599999999996
-0.0430207	0.054015	0.025969799999999998	-0.000206141	-0.0011556	0.00033023300000000003
-0.0430177	0.0560466	0.018343099999999998	-0.000577845	-0.0011556	0.000307882
-0.0479575	0.0648316	0.007836779999999998	-0.000791293	-0.0011556	0.00039413800000000004
-0.052056899999999996	0.0423644	0.00249574	-0.000424301	-0.00104616	0.000352481
-0.0429764	0.0779273	-0.00045685400000000003	-0.0007000960000000001	-0.0011556	0.000385508
-0.061100199999999986	0.025468200000000003	0.016747099999999997	-0.00048663900000000003	-0.0011556	0.0
-0.053182400000000005	0.086647	0.0167812	-0.000616676	-0.0011556	0.000336579
-0.06154119999999999	0.0289875	0.012605700000000001	-0.000258349	-0.0011556	0.000378551
-0.0626019	0.07982509999999997	-0.00510136	-0.0005885819999999999	-0.0011556	0.000405475
-0.0693233	0.0518879	-0.0267913	-0.0005302519999999999	-0.00132119	0.000345884
-0.0734376	0.0511785	-0.0142826	-0.00039067800000000004	-0.0011556	0.000123382
-0.0612764	0.0920737	-0.0162332	-0.0005192759999999999	-0.00094829	0.000252108
-0.0645492	0.057539699999999985	-0.007695419999999999	-0.000290292	-0.00122325	0.0003522
-0.060261699999999994	0.0720664	0.00179262	-0.000465207	-0.0011556	0.000349443
-0.05250740000000001	0.08753869999999997	-0.0075655	-0.0008672229999999998	-0.0012346700000000006	0.000252108
-0.052498500000000003	0.0409454	0.022848900000000002	-0.0008253860000000001	-0.00131138	0.000311686
-0.052508900000000004	0.0576539	0.00389126	-0.00031515	-0.00126583	0.000252108
-0.0525105	0.0678054	-0.013540200000000002	-0.000793944	-0.00154396	0.000252108
-0.0524872	0.0494968	-0.00455022	-0.0009554930000000001	-0.00117257	0.000252108
-0.0524894	0.0660299	-0.019734799999999997	-0.000804853	-0.00160268	0.000365214
-0.0417923	0.0733202	-0.00700299	-0.0008469779999999999	-0.00160268	0.000252108
-0.0310764	0.046400699999999996	0.0166875	-0.00046543800000000004	-0.00160268	0.000456805
-0.0414571	0.0860511	0.016730000000000002	-0.0009943410000000001	-0.00100504	0.00044488
-0.0404085	0.07041489999999999	0.00799852	-0.0007014289999999999	-0.00129259	0.0005890180000000001
-0.034815399999999996	0.0641911	0.0234558	-0.0007331889999999998	-0.00125328	0.00025210900000000004
-0.0297428	0.0614216	0.0234241	-0.000474798	-0.00160268	0.000449984
-0.0185207	0.09717999999999999	0.023534700000000002	-0.00111322	-0.00113572	0.00025210900000000004
-0.0136311	0.07617789999999999	0.0519948	-0.0005623830000000001	-0.0008857169999999998	0.00046997699999999995
-0.0252616	0.0856973	0.057025099999999995	-0.0009405980000000001	-0.0008857169999999998	0.000334751
-0.0117118	0.0921836	0.0513651	-0.00116464	-0.0008857169999999998	0.000510781
-0.018825599999999998	0.046325	0.0673895	-0.0009405980000000001	-0.00060883	0.00053488
-0.01023	0.10506300000000003	0.034035	-0.00155584	-0.0007484959999999998	0.00044671
-0.022833199999999998	0.0466198	0.055803399999999996	-0.000851988	-0.000651591	0.0008825639999999999
-0.0308151	0.0823297	0.04283	-0.000960158	-0.0008857169999999998	0.0007596289999999997
-0.00962917	0.123485	0.0643236	-0.0012692300000000005	-0.0008857169999999998	0.00025210900000000004
-0.00693525	0.09751939999999999	0.0839346	-0.001194	-0.0008857169999999998	0.00025210900000000004
-0.0126579	0.08421679999999998	0.101257	-0.000983989	-0.000953506	0.00025210900000000004
-0.00706304	0.11501900000000001	0.101361	-0.00144917	-0.0008857169999999998	0.000395413
-0.00164329	0.10396500000000004	0.09647810000000001	-0.0016235	-0.0008857169999999998	0.00025210900000000004
-0.013025	0.103566	0.08147369999999997	-0.00125463	-0.0008857169999999998	0.00025210900000000004
-0.0129886	0.10663299999999999	0.08389239999999999	-0.00146597	-0.0006518219999999999	0.0004902719999999999
-0.012071900000000005	0.09818969999999999	0.0833913	-0.00171966	-0.000632153	0.00025210900000000004
-0.00943052	0.09651680000000004	0.0654798	-0.0007750319999999999	-0.0008857169999999998	0.00048147800000000003
-0.013922799999999996	0.125272	0.0626878	-0.00166617	-0.0008857169999999998	0.000602786
-0.015691899999999998	0.0924341	0.0823232	-0.0015115999999999999	-0.000598337	0.0008995489999999998
-0.0192493	0.0926245	0.0652242	-0.00198374	-0.0008857169999999998	0.000515129
-0.00928436	0.11731400000000004	0.0530349	-0.000848715	-0.0008857169999999998	0.0005569269999999999
-0.0121195	0.0947717	0.0649857	-0.000937546	-0.00107821	0.0005901190000000001
-0.0154028	0.12548800000000002	0.049604	-0.00150956	-0.0008857169999999998	0.000480505
-0.011118200000000002	0.105458	0.0671896	-0.00126718	-0.0008857169999999998	0.000452586
-0.011087799999999998	0.08189339999999999	0.067968	-0.00131648	-0.00131477	0.00049777
-0.0152703	0.10269400000000001	0.05185419999999999	-0.00171029	-0.00075889	0.0005581119999999999
-0.00905125	0.11841600000000001	0.0249167	-0.00151426	-0.0008857169999999998	0.000558572
-0.015330200000000004	0.07662360000000001	0.0516948	-0.00113267	-0.0008857169999999998	0.000509961
-0.012181399999999998	0.10712	0.0784581	-0.00195969	-0.000711354	0.00025211
-0.016832	0.100088	0.0691307	-0.00167307	-0.0008857169999999998	0.00055597
-0.0227891	0.0844141	0.055148	-0.00115754	-0.0008857169999999998	0.00047146
-0.0227727	0.126721	0.0404567	-0.0017423999999999999	-0.0008857169999999998	0.00048216199999999996
-0.0202678	0.0903609	0.042579900000000004	-0.00042208199999999995	-0.0008857169999999998	0.000437842
-0.0227672	0.102171	0.0415996	-0.0011588	-0.0012738	0.00042457
-0.0227524	0.105887	0.056952499999999996	-0.00134301	-0.00109866	0.000547305
-0.0227669	0.08564149999999998	0.0374579	-0.00129914	-0.00136425	0.0004428430000000001
-0.030879900000000002	0.09210030000000001	0.032277	-0.00118343	-0.00123145	0.000422369
-0.024934599999999998	0.098186	0.0238695	-0.00104304	-0.00153454	0.00025211
-0.0145626	0.127049	0.032633499999999996	-0.000963595	-0.00100294	0.000475
-0.0174851	0.094071	0.0601061	-0.000845267	-0.00136425	0.000406189
-0.0153734	0.106723	0.0650773	-0.00210314	-0.0006843589999999999	0.000401492
-0.0169684	0.0916737	0.08068360000000001	-0.00144384	-0.00100381	0.00025211
-0.0171399	0.0967842	0.049418300000000005	-0.00148467	-0.0007121380000000001	0.00025211
-0.011325700000000001	0.10866400000000001	0.0646231	-0.00150229	-0.000716835	0.000415065
-0.00988501	0.0819822	0.0645881	-0.00135195	-0.000877429	0.00025211
-0.00122199	0.10475999999999999	0.0474254	-0.00160973	-0.00115824	0.00025211
-0.00525462	0.10368599999999999	0.0486811	-0.00164683	-0.00123393	0.00041428699999999995
-0.00723417	0.102383	0.041916800000000004	-0.00131479	-0.0008790039999999999	0.00042568099999999997
-0.00126302	0.127895	0.05210599999999999	-0.00187036	-0.000717546	0.00025211
0.00622272	0.103236	0.07775569999999997	-0.00165153	-0.0008977289999999998	0.000331697
-0.00128282	0.109875	0.0685978	-0.00170753	-0.000598456	0.00025211
0.00385582	0.12056800000000001	0.07975079999999997	-0.00170753	-0.0007718739999999998	0.00025211099999999996
-0.0012511200000000005	0.100021	0.0985895	-0.00101564	-0.0006601860000000001	0.000456407
0.00221666	0.11323200000000005	0.105091	-0.00157941	-0.000415182	0.00025211099999999996
-0.00128307	0.11682999999999999	0.12178399999999999	-0.00162963	-0.000415182	0.000522012
0.00619265	0.08841039999999999	0.12098900000000005	-0.00127621	-0.000415182	0.000545419
0.025006	0.10573199999999999	0.12110699999999999	-0.00168624	-0.000415182	0.0006411419999999999
0.0114959	0.111978	0.11226400000000004	-0.00138334	-0.000484418	0.000596499
0.00989408	0.095399	0.07657939999999999	-0.00180532	-0.00042433900000000003	0.000556605
0.0240515	0.145324	0.09812539999999999	-0.00158493	-0.000475079	0.00044977699999999995
0.0240176	0.110976	0.11216300000000001	-0.00140284	-0.000830298	0.00025211099999999996
0.0240815	0.125448	0.09616799999999999	-0.000950989	-0.0007042330000000001	0.000528088
0.028190499999999997	0.136495	0.11216300000000001	-0.00137357	-0.000561145	0.000480749
0.013874899999999999	0.0928581	0.11212899999999999	-0.0012586	-0.000830298	0.000559432
0.0192054	0.126176	0.10105900000000001	-0.00155659	-0.000535975	0.00025211099999999996
0.030678800000000006	0.121449	0.115317	-0.00121706	-0.000208338	0.00025211099999999996
0.0243571	0.0888617	0.11675700000000006	-0.00128645	-0.000693064	0.000522833
0.0305837	0.139067	0.0937284	-0.00121168	-0.000278402	0.000441046
0.0252087	0.10300699999999999	0.0832079	-0.00142034	-0.000266526	0.00025211099999999996
0.0253359	0.12396700000000001	0.061245100000000004	-0.0013767	-0.000408275	0.000648065
0.0252607	0.110306	0.08742029999999999	-0.00201172	-0.000323214	0.00047180599999999996
0.0253187	0.109319	0.0975268	-0.00107429	-0.0009417010000000001	0.000423282
0.0253183	0.11822300000000001	0.0754311	-0.00187955	-0.0007002730000000001	0.000513715
0.025300599999999996	0.132191	0.0907596	-0.00159764	-0.0007744319999999999	0.00040611300000000016
0.0252628	0.0910831	0.0990533	-0.00111445	-0.0008065189999999999	0.00025211099999999996
0.0252625	0.139502	0.09601599999999999	-0.00106279	-0.00036563599999999997	0.000401682
0.0225578	0.139603	0.135703	-0.00124925	-0.00031298599999999996	0.00025211099999999996
0.0252077	0.11784000000000001	0.12001300000000001	-0.00233338	-0.000487068	0.00025211099999999996
0.027375599999999996	0.136373	0.12043	-0.00225846	-0.00034074400000000003	0.00025211099999999996
0.0303644	0.135468	0.12409300000000001	-0.00177842	-0.000565156	0.00025211099999999996
0.031016500000000002	0.122021	0.105053	-0.00175896	-0.0005430480000000001	0.000625294
0.0365443	0.149109	0.131418	-0.00219678	-0.0007236489999999999	0.0006321090000000001
0.044331199999999994	0.11530399999999999	0.12184500000000001	-0.00199065	-0.000396851	0.0006294769999999999
0.0346518	0.14077300000000004	0.12789	-0.00244851	-0.000396851	0.000606232
0.042750300000000005	0.08249639999999997	0.129893	-0.00190876	-0.0006839960000000001	0.0006646660000000001
0.0506516	0.159977	0.126905	-0.00230627	-0.0008258439999999997	0.0007513539999999998
0.043426099999999995	0.0956562	0.127628	-0.00172432	-0.0008258439999999997	0.0007932439999999999
0.0477334	0.15604200000000001	0.127669	-0.00203023	-0.00113458	0.000786688
0.045615699999999995	0.12899000000000002	0.127658	-0.0018472000000000002	-0.000891863	0.0007910919999999999
0.0456108	0.14088	0.08738419999999998	-0.00163914	-0.000900878	0.000713332
0.045651	0.140584	0.10678299999999999	-0.0019445	-0.0010530200000000002	0.000791218
0.048639499999999995	0.120402	0.12772900000000004	-0.00177377	-0.0008960189999999999	0.0007402249999999997
0.045607	0.14706	0.140645	-0.0017705799999999997	-0.0008960189999999999	0.000823936
0.061103599999999994	0.13801	0.161599	-0.0015353299999999995	-0.0008960189999999999	0.000873924
0.065573	0.141535	0.12829300000000002	-0.00167734	-0.00102232	0.0009460380000000001
0.05998290000000001	0.14388499999999999	0.14163400000000004	-0.00236614	-0.0008960189999999999	0.000935325
0.054622300000000006	0.12073900000000005	0.110382	-0.0018755	-0.0008960189999999999	0.000921752
0.0456009	0.161192	0.11081600000000001	-0.00273849	-0.0008960189999999999	0.000921752
0.0456009	0.136849	0.129355	-0.00217095	-0.0008960189999999999	0.000921753
0.0456436	0.14496199999999998	0.12022200000000001	-0.00153828	-0.00116432	0.000921753
0.0456179	0.171001	0.129199	-0.00184413	-0.00100027	0.000921753
0.0529428	0.123332	0.13662	-0.00146785	-0.00109311	0.000921753
0.057528199999999995	0.157336	0.134687	-0.00214065	-0.00101525	0.000921753
0.0649892	0.135544	0.15970399999999998	-0.0015470999999999998	-0.00101415	0.000921753
0.0744023	0.12996700000000005	0.13331400000000002	-0.00206187	-0.00143076	0.0011874000000000001
0.0744796	0.148977	0.142602	-0.00238582	-0.00143076	0.00149368
0.0884319	0.101484	0.138507	-0.00238582	-0.00143076	0.00146965
0.08993989999999999	0.170079	0.13658599999999999	-0.00281949	-0.0016263199999999995	0.00178837
0.09199910000000001	0.121491	0.136077	-0.00194848	-0.00186825	0.0014179
0.09664550000000001	0.15335299999999996	0.136206	-0.00236378	-0.00186825	0.00178837
0.09669680000000004	0.134697	0.116253	-0.00190165	-0.00222261	0.00178837
0.120977	0.157774	0.06489500000000001	-0.0016792999999999999	-0.00240554	0.00178837
0.110799	0.154371	0.08007719999999999	-0.00182399	-0.00211249	0.00178837
0.12091600000000001	0.12403900000000001	0.06585160000000001	-0.00163059	-0.00210546	0.00159107
0.120966	0.149066	0.0589234	-0.00202966	-0.00210546	0.00178837
0.10261300000000001	0.09815510000000001	0.0238657	-0.00160815	-0.00245345	0.00208296
0.106851	0.16814599999999996	0.0361634	-0.00178247	-0.00226523	0.00178837
0.10179500000000001	0.123394	0.0212115	-0.000983451	-0.00251408	0.00178837
0.10949	0.155855	0.0186854	-0.00176862	-0.00210546	0.00178837
0.11918800000000004	0.13808499999999999	0.051375199999999996	-0.00133582	-0.00240101	0.00178837
0.126187	0.13704000000000002	0.04838119999999999	-0.00120049	-0.00256454	0.00206831
0.126309	0.15344100000000002	0.046940699999999995	-0.00156568	-0.00281453	0.00246293
0.12629200000000002	0.133856	0.033283999999999994	-0.00184693	-0.0029709	0.00239712
0.126349	0.139551	-0.0078823	-0.00181011	-0.00237168	0.0025479
0.126183	0.165516	0.0109573	-0.00217818	-0.00246656	0.00213146
0.12616	0.135651	0.00782989	-0.00137512	-0.00253564	0.00204231
0.139377	0.17330799999999996	0.037759100000000004	-0.0016960999999999999	-0.00279	0.00204231
0.14985599999999996	0.132419	0.0538793	-0.00152677	-0.00288229	0.00229456
0.14713599999999996	0.15853499999999998	0.0514895	-0.00161901	-0.0028797	0.00244482
0.149937	0.140306	0.034178	-0.00181403	-0.00297355	0.00247114
0.149858	0.142077	0.030098900000000005	-0.00140591	-0.00276899	0.0023079
0.149844	0.158005	0.0380305	-0.00178549	-0.00266569	0.00220113
0.149808	0.134131	0.037014599999999995	-0.00140869	-0.00304292	0.00204231
0.149808	0.139022	0.0385785	-0.00162166	-0.00304292	0.00204231
0.149808	0.155424	0.0406656	-0.00137683	-0.00304292	0.00204231
0.149861	0.123188	0.029392599999999998	-0.000992338	-0.00304292	0.00225298
0.132324	0.13503199999999999	0.0023479	-0.00244607	-0.00214611	0.0020423
0.13555999999999999	0.11961600000000001	-0.017970199999999995	-0.00138028	-0.00256213	0.00216547
0.128342	0.134483	-0.0312683	-0.00111076	-0.00256213	0.0020423
0.12975799999999998	0.145607	-0.0332103	-0.00134296	-0.00269401	0.00230128
0.130666	0.0951355	-0.0170938	-0.00111076	-0.00256213	0.00225311
0.140179	0.135766	-0.053884100000000004	-0.00150543	-0.00281213	0.00235837
0.141329	0.12402	-0.053526	-0.00111076	-0.00256213	0.00258266
0.13864300000000002	0.100473	-0.065926	-0.00118988	-0.0031791000000000002	0.00258414
0.126073	0.121851	-0.07555539999999998	-0.00132139	-0.00310469	0.00274662
0.135415	0.0967122	-0.08747979999999997	-0.00157581	-0.00300592	0.00287069
0.125975	0.10345399999999999	-0.124971	-0.00126352	-0.003009	0.00252345
0.12598499999999999	0.136023	-0.10396099999999996	-0.00142978	-0.00296648	0.0025476999999999995
0.125902	0.10288699999999999	-0.0942175	-0.000865546	-0.00350877	0.00243229
0.12592799999999998	0.12859600000000002	-0.08431479999999998	-0.0006803439999999999	-0.00330275	0.00243255
0.126081	0.131996	-0.08418830000000001	-0.0009068969999999999	-0.00296648	0.00287069
0.13134	0.0955918	-0.09981380000000001	-0.0011693500000000006	-0.0035506	0.00308959
0.141557	0.113321	-0.10522999999999999	-0.0009532739999999999	-0.00338878	0.00287069
0.135277	0.12341400000000001	-0.0856047	-0.0009192380000000001	-0.0033567000000000002	0.00300662
0.14361500000000002	0.09079939999999999	-0.113219	-0.0008281	-0.00352841	0.00287069
0.14360499999999998	0.138507	-0.12418299999999999	-0.00100649	-0.00358398	0.00287069
0.143625	0.08197289999999999	-0.12559200000000004	-0.000617732	-0.00337486	0.00287069
0.135072	0.13228499999999999	-0.157145	-0.000510219	-0.00370009	0.00293088
0.131164	0.125281	-0.151274	-0.0005778959999999999	-0.00371602	0.00278739
0.13630699999999998	0.10379000000000001	-0.132984	-0.000941242	-0.00387632	0.00287069
0.143506	0.12035599999999999	-0.14533900000000002	-0.000458843	-0.00429334	0.00287069
0.150152	0.12792	-0.128799	-0.000583583	-0.00372904	0.00303916
0.143655	0.0782689	-0.12548100000000004	-0.000958549	-0.00397291	0.00322433
0.16417400000000001	0.111198	-0.125607	-0.0006686489999999999	-0.00409279	0.0033466
0.16706600000000002	0.112946	-0.111821	-0.00028111	-0.00393179	0.00337814
0.167051	0.0774204	-0.110705	-0.000502795	-0.00382047	0.00330914
0.174949	0.110284	-0.10463499999999999	-0.00109071	-0.00338323	0.00340723
0.178752	0.06455610000000002	-0.0926556	-0.0007382639999999998	-0.00379374	0.00344015
0.167104	0.12699100000000002	-0.11374300000000001	-0.0010493	-0.00306598	0.00341056
0.180508	0.104583	-0.107402	-9.81161e-05	-0.00375085	0.00335271
0.18374300000000002	0.101018	-0.10939700000000001	-0.000621163	-0.00350085	0.00334431
0.182777	0.130618	-0.07313949999999997	-0.0008524519999999999	-0.00350085	0.00341056
0.176853	0.08548639999999999	-0.121519	-0.00063204	-0.00350085	0.00341056
0.177317	0.132957	-0.0872613	-0.00107105	-0.00347843	0.00341056
0.177528	0.115292	-0.07088960000000001	-0.000373412	-0.00358382	0.00341056
0.20075	0.12006700000000001	-0.059582500000000004	-0.00019082599999999998	-0.00358382	0.00341056
0.200751	0.135286	-0.0643587	-0.000936239	-0.00355261	0.00341056
0.200739	0.08386069999999997	-0.10665999999999999	-0.000254106	-0.00359843	0.00341056
0.20087	0.00833243	-0.21258600000000002	0.000995719	-0.00302026	0.00380175
0.180531	0.0441309	-0.182364	0.000330069	-0.00337805	0.00349773
0.17923699999999998	0.05687340000000001	-0.188174	0.0006217719999999999	-0.00274056	0.00334709
0.186774	0.0856303	-0.159716	-6.36004e-05	-0.00330829	0.00337986
0.20079	0.0305629	-0.127683	0.0008567739999999999	-0.00373824	0.00383168
0.200792	0.108139	-0.155468	0.000376107	-0.00345829	0.00370827
0.200745	0.051408800000000004	-0.125828	0.00036972400000000004	-0.00341393	0.00339596
0.20083199999999998	0.07600189999999997	-0.14674600000000002	0.0006700969999999999	-0.00337555	0.00383168
0.207569	0.09116039999999999	-0.133037	0.00038505699999999996	-0.00349392	0.00352186
0.206544	0.049606199999999996	-0.145599	0.000541158	-0.00349393	0.00372479
0.200901	0.070806	-0.17418499999999998	-3.46265e-05	-0.00288079	0.00376705
0.20085999999999998	0.0716235	-0.174316	-4.51872e-05	-0.00325872	0.00383168
0.186977	0.0597533	-0.179534	0.00121957	-0.00325872	0.00344875
0.184034	0.0694987	-0.177281	0.00044660800000000003	-0.00325872	0.00366327
0.200766	0.071516	-0.16430799999999998	4.1048000000000004e-05	-0.00350872	0.00351301
0.200878	0.047472900000000005	-0.156972	0.0008400569999999997	-0.00342771	0.00408465
0.21845	0.100138	-0.15828499999999998	-1.46654e-05	-0.00325872	0.00419975
0.21819299999999997	0.0378281	-0.145938	4.42825e-05	-0.00350872	0.00408259
0.22374699999999997	0.0638962	-0.175903	-0.000102019	-0.00328795	0.00411299
0.213317	0.0592076	-0.154569	-0.000146856	-0.00331032	0.00412552
0.220325	0.0712986	-0.187272	8.916020000000001e-05	-0.00331032	0.00404788
0.214378	0.08662459999999997	-0.159094	-0.000247888	-0.00331032	0.00401655
0.216086	0.066262	-0.14618399999999998	0.00057795	-0.00349018	0.00395543
0.220073	0.103434	-0.168464	-0.000155213	-0.00356032	0.00401655
0.222349	0.06783660000000001	-0.16201500000000002	-0.000626538	-0.0034722999999999998	0.00421352
0.2184780000000001	0.08296209999999997	-0.161931	-0.0009274589999999999	-0.00331032	0.00438382
0.236357	0.08831759999999997	-0.162077	-0.00075956	-0.00374949	0.00432809
0.227392	0.056180999999999995	-0.148894	-0.0009706370000000002	-0.00411409	0.00447202
0.226298	0.0879154	-0.164638	-0.0007411819999999997	-0.00391799	0.00459995
0.229879	0.06414109999999999	-0.15238199999999996	-0.000584223	-0.00416631	0.00479457
0.23633200000000001	0.09595070000000004	-0.16238699999999998	-0.00037587199999999997	-0.00449925	0.00479457
0.226681	0.07909989999999999	-0.16169	-0.000757321	-0.00405604	0.00471473
0.21939	0.0729931	-0.17799700000000002	-0.0007406989999999999	-0.00420904	0.00479457
0.226692	0.087549	-0.182598	-0.00122064	-0.00395306	0.00467961
0.23638	0.0742463	-0.157703	-0.000797587	-0.00408856	0.00479457
0.25601599999999997	0.0658797	-0.157919	-0.000595943	-0.00466828	0.00516913
0.26515500000000003	0.102802	-0.140681	-0.000847283	-0.004610899999999999	0.00523782
0.252269	0.0579783	-0.18878599999999998	-0.00061653	-0.00429479	0.00514687
0.251222	0.11292100000000001	-0.185282	-0.0014117	-0.00398257	0.00503599
0.24559099999999998	0.07306809999999997	-0.18221099999999998	-0.000964472	-0.00414834	0.00464757
0.255341	0.10630099999999999	-0.159084	-0.000612463	-0.00445219	0.00458371
0.263833	0.108529	-0.135094	-0.0009221030000000001	-0.00420219	0.0050095
0.262552	0.0724843	-0.129091	-0.000724958	-0.00475537	0.00489255
0.256912	0.0995123	-0.148093	-0.000697041	-0.00433617	0.00530043
0.26919699999999996	0.081778	-0.141475	-0.0009376969999999999	-0.0046067	0.00530043
0.260897	0.0609345	-0.152746	-0.000725585	-0.00434913	0.00530043
0.255411	0.101996	-0.182653	-0.00136019	-0.00404944	0.00530043
0.242419	0.0889345	-0.185578	-0.00138123	-0.00461451	0.00484952
0.25483	0.08664829999999997	-0.164428	-0.0011224	-0.00461451	0.00484952
0.261354	0.09778300000000001	-0.147134	-0.00127966	-0.00461451	0.00521528
0.273674	0.09254119999999999	-0.135571	-0.0012944600000000005	-0.00461451	0.00533075
0.278144	0.0610096	-0.129325	-0.00123964	-0.00488581	0.00552228
0.277719	0.101164	-0.164775	-0.00120645	-0.00488275	0.00574622
0.29972	0.08040519999999997	-0.164051	-0.0018187000000000001	-0.0052239	0.00603357
0.275269	0.0839433	-0.198462	-0.00127185	-0.00499882	0.0057983
0.269499	0.129952	-0.180677	-0.00165879	-0.00492434	0.00578738
0.268584	0.0866766	-0.180584	-0.00157792	-0.00479086	0.00539337
0.251979	0.11703499999999999	-0.18062899999999998	-0.00127129	-0.00472481	0.00506613
0.258628	0.154248	-0.155505	-0.00105047	-0.00504086	0.00533326
0.255847	0.107149	-0.11418299999999999	-0.00141952	-0.00495852	0.00533326
0.259523	0.116123	-0.155895	-0.00125877	-0.00505714	0.00543418
0.270715	0.136682	-0.153126	-0.00166967	-0.00496602	0.00533326
0.259212	0.0909503	-0.135073	-0.0018215999999999998	-0.00517956	0.00533326
0.264153	0.11670499999999999	-0.135076	-0.00137363	-0.0047908000000000004	0.00533326
0.26458000000000004	0.11539400000000001	-0.14372100000000002	-0.000967212	-0.0047908000000000004	0.00533326
0.255142	0.0777666	-0.17613099999999998	-0.0008316299999999998	-0.0047908000000000004	0.00533326
0.22539800000000002	-0.0138982	-0.283435	0.00012123	-0.00424069	0.00533326
0.236256	0.110169	-0.22138200000000002	-0.000533692	-0.00441362	0.00513619
0.226622	0.09249230000000004	-0.190046	-0.000422147	-0.00410062	0.00487937
0.23463699999999998	0.1146	-0.206129	-0.0009357889999999999	-0.00415603	0.00487937
0.254338	0.105092	-0.190209	-0.000914413	-0.00466981	0.00487937
0.241052	0.0650034	-0.187813	-0.000756541	-0.00423764	0.00487937
0.252817	0.12779400000000002	-0.1951	-0.00099256	-0.00479121	0.00517167
0.23554499999999998	0.08696419999999999	-0.20721799999999999	-0.00122997	-0.00430435	0.00487937
0.234375	0.12000599999999999	-0.226846	-0.00139468	-0.00393413	0.00487937
0.23583099999999999	0.10381800000000001	-0.19930799999999999	-0.00100039	-0.00443248	0.00481884
0.23676399999999997	0.0877685	-0.191977	-0.001243	-0.00443248	0.00487937
0.241581	0.11858900000000001	-0.194254	-0.000844676	-0.00484122	0.00487937
0.251075	0.11788299999999999	-0.17736500000000002	-0.00132421	-0.00443248	0.00487937
0.26765500000000003	0.100509	-0.174724	-0.0012886	-0.00462719	0.00501429
