trans_x	trans_y	trans_z	rot_x	rot_y	rot_z
0.00617	1.44392e-05	0.0394562	-0.000128922	0.00024046400000000002	-0.00013434700000000002
0.00648493	7.983340000000001e-05	0.0395146	0.0006071119999999999	0.000324079	-0.00013701299999999998
0.006728199999999999	0.016413499999999998	0.014572	-0.000605602	0.0008077479999999997	-2.2282199999999998e-05
0.0011267999999999999	-0.0015669	-0.013440700000000002	-0.00038957099999999996	-4.95162e-05	-0.000132309
0.00251286	-0.0130589	0.0249019	-2.37715e-05	0.00045974599999999997	-0.000280336
0.00250906	0.019860299999999997	0.00894556	-0.0007289869999999997	0.000307984	-0.000293202
0.00250129	-0.00492048	0.0397981	0.000321722	-4.95162e-05	-0.000221263
0.00251913	-5.74047e-05	-0.017846200000000003	-0.000229173	0.000577904	-0.00011412799999999999
-0.00659567	0.0170726	0.038904	-0.00019403099999999997	-4.95162e-05	-0.000264792
-0.00160884	0.0697077	0.008191469999999998	-0.00206285	0.000188475	0.000190719
0.0136572	-0.0767187	-0.023084900000000002	-0.000431416	8.88856e-05	-0.00041658
0.00762607	0.00286035	-0.0286089	-0.000298108	-4.95162e-05	-0.000505692
0.0155536	-0.0030754000000000003	-0.0428875	0.000435665	0.000300099	-0.00013619999999999998
0.011923600000000001	0.0215391	-0.038039300000000005	0.000327761	0.000706793	-5.5281e-05
0.0112792	0.013910299999999999	-0.019079699999999998	-0.00041398	0.000475428	-0.00013203200000000005
0.00403918	0.0008960339999999998	0.00322092	-0.000548451	0.000475428	-5.7382399999999995e-05
-0.00241411	0.0180264	-0.00406927	-0.00110494	9.44821e-06	-0.000260549
0.00516657	-0.00692428	-0.0201145	-0.000654547	-0.00043258300000000016	0.00011918100000000001
0.0112383	-0.00691665	0.00328139	-0.000294418	0.000118177	-7.862009999999997e-05
0.0112777	0.00336965	-0.019653599999999997	-0.00054069	8.782309999999997e-05	-0.000216563
0.0009149640000000002	-0.00233902	-0.0252321	-0.000648466	0.000209817	-9.438010000000001e-05
0.00207253	-0.0009320730000000001	-0.025234700000000002	-0.000750016	0.000153149	0.00011117
0.00198893	-0.00697632	-0.0565803	-0.00019508200000000001	0.00025622	-0.000163046
0.00349205	0.056105499999999996	0.025833799999999997	-0.00078364	8.35902e-05	0.000305603
0.00511616	-0.05666860000000001	-0.0725783	0.00041035199999999995	0.000273813	-0.000186831
0.011398700000000001	-0.007315999999999999	-0.059753999999999995	0.00020789799999999998	0.000451391	-1.85698e-05
0.0114154	0.038455199999999995	-0.048068400000000004	-0.000216981	0.0007736429999999999	7.81102e-06
0.0275286	-0.0669438	-0.11863299999999999	0.00123062	0.00018931599999999997	0.00012369399999999998
0.00934726	0.0690738	0.035343400000000004	-0.000678065	0.0007736429999999999	0.000530856
0.00896572	-0.027535300000000002	0.0207452	0.000471852	0.0007736429999999999	0.000242715
0.00284683	-0.00454941	0.0368095	-0.000336535	0.000773644	0.000242715
0.00284683	0.0263138	-0.00756653	-0.000878835	0.000773644	0.000242715
0.0028344999999999998	0.0123314	0.0510595	0.000123779	0.000341186	7.52748e-05
0.0063414	0.0366815	0.05435449999999999	0.000467211	0.000773644	7.70576e-05
0.00362313	0.033181999999999996	0.0686917	0.0009377189999999999	0.000505274	0.00012669200000000005
0.00425875	0.0594543	0.0602378	7.54829e-05	0.000347729	0.000226173
0.016525900000000003	0.000886836	0.05601419999999999	8.020539999999997e-05	0.000347729	0.00038131
0.00171627	0.0185114	0.0619184	-0.0001291	0.000347729	0.0003984
0.008247219999999998	-0.0100947	0.0619438	-0.00038648599999999996	0.000632078	0.00023575200000000002
0.0163041	-0.00830816	-0.014351	-0.0013832400000000006	0.000993999	0.000483451
0.0163074	-0.0293765	0.00759506	0.0012376	0.00129993	0.000231425
0.00492088	0.06312050000000001	0.0432528	-0.000205976	0.000897395	0.000238003
0.00038924699999999995	0.00492792	0.057408	0.00039147300000000004	0.000897395	6.0281599999999996e-05
-0.00237833	0.034462099999999996	0.0447611	0.000146759	0.00080187	6.0281599999999996e-05
-0.00237723	0.019555700000000002	0.07363559999999998	0.000316208	0.000897395	0.000274621
0.00536177	0.0198226	0.044543	0.000273638	0.000897395	6.02817e-05
-0.00238259	0.026667700000000003	0.06920460000000002	-0.000110243	0.000897395	0.00020348
0.0008207	0.00896791	0.0931309	0.000980912	0.000897395	0.000273776
-0.00237658	0.0633325	0.08022759999999997	0.000128844	0.000897395	6.02817e-05
-0.00237124	0.021156499999999998	0.0764631	0.000708379	0.0008973959999999998	0.00033780800000000004
-0.00236617	0.042947900000000004	0.0276007	0.00019732200000000002	0.00124792	0.00035816699999999995
0.00616211	0.013571399999999999	0.0589612	0.00119628	0.000897395	0.000500353
0.00695029	0.0552614	0.0592529	0.000312141	0.0007344160000000001	0.000370428
0.00689379	0.00635986	0.0770558	0.00144777	0.000957799	0.000355567
0.0069214	0.0382527	0.079975	0.000679915	0.000897395	0.00036354
0.00692133	0.0342899	0.0672415	0.0007358189999999998	0.0009629180000000002	0.00046622199999999997
0.00691621	0.0320971	0.04377059999999999	0.000472695	0.000897395	0.000503553
0.0101536	0.0203055	0.0407899	0.0006047730000000001	0.0008973959999999998	0.000608147
0.00691334	0.012312700000000001	0.044573	0.0009188139999999999	0.00082481	0.000290775
0.00695309	0.039593	0.0408602	0.00045556599999999997	0.000897395	0.00058198
0.00694585	0.039612	0.0547595	0.00113224	0.0008973959999999998	0.00042275300000000016
0.00690576	0.0359176	0.057326699999999994	0.000192008	0.0008973959999999998	0.000599636
-0.00638199	0.0358952	0.0655959	0.000439304	0.0006922639999999999	0.00036464
0.00689589	-0.00185486	0.06565790000000002	0.00120329	0.000639763	0.00036360099999999996
0.006914399999999999	0.028633999999999996	0.048525	0.000478179	0.0008973959999999998	0.000532426
0.0068961	0.0281936	0.0430723	0.000725493	0.0008973959999999998	0.00010949100000000004
9.1339e-05	0.00945069	0.031722700000000006	0.00163212	0.0007704869999999999	0.00038618800000000004
0.0243699	-0.0127903	0.0711337	0.00100703	0.0008973959999999998	0.00050183
0.00690444	0.0397714	8.34173e-05	0.00252251	0.00110046	0.000246978
0.0068998	0.0429866	-0.024112900000000003	0.00205488	0.0009640810000000001	0.00010949100000000004
0.00643143	0.0036244	0.00134016	0.0017452399999999995	0.0008973959999999998	0.000356197
0.000620131	0.020859700000000002	0.041012099999999996	0.00165788	0.00138791	0.000472595
0.000614511	0.0365725	0.10107999999999999	0.00127236	0.0008973959999999998	0.0006737860000000001
-0.006211100000000001	0.00520398	0.06695420000000002	0.00216629	0.000952301	0.000514883
0.00652485	0.042832	0.0415902	0.00217174	0.0008973959999999998	0.0005160119999999999
-0.00186226	0.0330832	0.055572199999999995	0.00163841	0.0008973959999999998	0.0007367889999999997
0.000625744	0.0331772	0.0348922	0.0017209	0.0008973959999999998	0.00074323
0.00126009	0.0309971	0.0545413	0.00151876	0.000561849	0.000752727
0.000871777	0.0101733	0.07599739999999999	0.00177146	0.0008973959999999998	0.000538608
-0.00436031	0.0330958	0.07960039999999999	0.00116073	0.000655232	0.000664955
0.0008338960000000001	0.000423463	0.0638571	0.00153494	0.0009228369999999999	0.0007534919999999999
0.00684155	0.0243994	0.0641046	0.000614961	0.0007726460000000001	0.000833735
0.000882045	-0.00302206	0.059075300000000004	0.0013015000000000001	0.000528477	0.0007698189999999999
0.000886018	-0.00013441800000000005	0.033335699999999996	0.00123184	0.000528477	0.000828215
0.0121916	0.030775	0.040432499999999996	0.0009740889999999999	0.000528477	0.0007342199999999997
0.0137453	-0.00282888	0.0648905	0.00149238	0.000528477	0.00062513
0.00804876	0.0323066	0.0511646	0.000765026	0.000528477	0.00062513
0.00359984	0.0137561	0.0726581	0.00161521	0.000528477	0.000613097
0.00356646	0.0136606	0.0376916	0.00037824099999999997	0.000528477	0.000898348
0.00357891	0.013586700000000002	0.0158079	0.00131568	0.000528477	0.0007826069999999999
0.00360811	0.0223778	0.048889300000000004	0.00106568	0.000528477	0.000836778
0.00360228	0.0276906	0.054987699999999994	0.00140245	0.000528477	0.0007904989999999997
0.00358416	0.0252889	0.0682487	0.00100277	0.000528477	0.000863588
0.00360768	0.0311291	0.0718651	0.0015038	0.00033509800000000004	0.000843957
0.00356295	0.048542699999999994	0.044012699999999995	0.000671775	0.000528477	0.000589792
0.00356295	0.010053500000000002	0.0512099	0.00146209	0.000528477	0.000589792
0.00355726	0.0310947	0.0159145	0.0007993560000000001	0.000906115	0.000589792
-0.00640711	0.031114199999999998	0.0226942	0.00211979	0.000528477	0.000589792
0.00615187	-0.0162362	0.00223761	-0.00016885900000000002	0.0005802380000000001	0.000589792
0.00475564	-0.02068	-0.037956199999999995	0.00155637	0.000120145	0.000589792
0.025987	-0.00539556	0.0022147	0.0009937169999999999	-0.000193981	0.000589792
0.00671792	0.027243	0.00222529	0.00132813	-9.15477e-05	0.000589792
0.00976233	0.007703749999999999	0.051075300000000004	0.00165377	0.000372019	0.000722025
0.00976999	0.027264	0.053121400000000006	0.0009541619999999999	0.000372019	0.0006867360000000001
0.00976164	0.027270099999999995	0.0516947	0.000844197	0.0001881	0.000589792
0.00332148	0.0273389	0.0152476	0.00105343	0.000372019	0.000589792
0.00976775	0.027343400000000004	0.0184743	0.00121036	0.000372019	0.000589792
0.00976775	0.0225204	0.0337219	0.00134239	0.000372019	0.000589792
0.00978628	0.05666280000000001	0.0320171	0.000567314	0.000372019	0.000817608
0.009767540000000005	0.0273218	0.0541355	0.00124529	0.000372019	0.000711699
0.00976775	0.0273443	0.0533846	0.00156903	0.000372019	0.000589792
0.00976711	0.0493269	0.0560544	0.0008488169999999998	0.000604549	0.000589792
0.00978552	0.0305132	0.0739187	0.00163805	0.000372019	0.000892103
0.00976833	0.0492525	0.07375439999999997	0.0008638829999999998	0.00046023	0.00098342
0.012480100000000001	0.007216519999999999	0.0609619	0.00257143	0.000564613	0.000967179
0.0226763	-0.0142442	0.0459914	0.00212746	0.0010051	0.0011550000000000006
0.0011793000000000005	0.024943	0.0130687	0.00172396	0.0009688880000000002	0.00109422
-0.012422	-0.00582088	-0.0599514	0.00139422	0.0006783910000000001	0.000338879
-0.00723181	0.0201735	0.0101267	0.00134333	0.000836295	0.0006067830000000001
0.00054368	0.000167291	0.0331957	0.00163782	0.00042604199999999996	0.000661943
0.000176767	0.039930900000000005	0.0592261	0.00070322	0.00042261400000000003	0.000977505
-0.012534100000000001	0.0444263	0.07060280000000001	0.00130545	0.000264547	0.00101867
-0.0013244	0.028491000000000002	0.063635	0.00175552	0.000264547	0.00131422
-0.012499099999999999	0.0928262	0.111669	0.000774253	0.000213158	0.0009803
-0.00880765	0.0171761	0.0418295	0.00182124	0.00043765	0.000829689
-0.012550299999999999	0.035436300000000004	0.0683878	0.00143985	0.000264547	0.0007877289999999999
-0.0193467	0.0407698	0.08674819999999997	0.0020833	0.000264547	0.00103054
-0.00770686	0.0625715	0.11176300000000004	0.00191355	0.000264547	0.000798125
-0.014147999999999999	0.05635169999999999	0.10948599999999999	0.00175551	0.000264548	0.00106378
-0.0141374	0.0265184	0.0918871	0.00183564	0.000264548	0.0008964879999999998
-0.0141291	0.0583014	0.0880571	0.000869266	0.00011249799999999999	0.0009810589999999998
-0.017983900000000004	0.025256400000000002	0.101378	0.00187852	0.000264548	0.000925453
-0.0141225	0.0547534	0.07981159999999997	0.000970808	3.71394e-05	0.000963843
-0.014173500000000004	0.022809799999999998	0.100788	0.00170703	0.000264548	0.0011385
-0.0200348	0.06498519999999999	0.0969265	0.00119389	0.000264548	0.00132403
-0.015476599999999997	0.0302097	0.13693	0.00222993	-0.000291071	0.00126677
-0.015474100000000001	0.0653953	0.124793	0.00106265	0.00013622	0.00117606
-0.0155113	0.05958380000000001	0.124778	0.00159334	0.000264548	0.000987602
-0.015477600000000001	0.0404418	0.124727	0.0022653	0.000116151	0.0013242
-0.021593	0.059588300000000004	0.13351	0.00168946	0.000264548	0.00121346
-0.0155071	0.06731010000000001	0.104905	0.00199532	0.000264548	0.00138763
-0.015516899999999997	0.0234233	0.11241099999999997	0.00173022	0.000264548	0.00126456
-0.015516899999999997	0.052235199999999996	0.10874500000000001	0.00166937	0.000264548	0.00126456
-0.015516899999999997	0.027267400000000004	0.114977	0.0019797	0.000264548	0.00126456
-0.015516899999999997	0.0630771	0.100549	0.00166368	0.000264548	0.00126456
-0.015516899999999997	0.059001	0.141105	0.0022430999999999996	0.000264548	0.00126456
-0.025832499999999998	0.0617005	0.135675	0.00225401	0.000264548	0.00143827
-0.0243007	0.0779734	0.123326	0.00198218	0.000326208	0.00126456
-0.0319396	0.044228199999999995	0.09913179999999999	0.00218825	0.000264548	0.00126456
-0.011543200000000005	0.05901380000000001	0.0718463	0.00239994	-5.56232e-05	0.00162666
-0.00950995	0.0617197	0.08252139999999998	0.00176202	0.000103251	0.0017625
-0.0104921	0.0501656	0.151447	0.00270587	4.70621e-05	0.00170287
-0.0176368	0.0717985	0.139257	0.00228505	6.02653e-05	0.00193864
0.00378499	0.0198267	0.0984592	0.00302535	0.000501727	0.00185774
-0.0177576	-0.005557	-0.00527895	0.00526783	0.000861309	0.0015522
-0.0177683	0.0976975	0.0116465	0.00366165	0.000501727	0.00126456
-0.028170099999999997	0.0436525	0.040736800000000004	0.00320523	0.000555892	0.00149942
-0.025086700000000003	0.0540019	0.0709617	0.00301066	0.000501727	0.0017445099999999995
-0.0315254	0.0545095	0.111692	0.00316562	0.000501727	0.00186433
-0.0273495	0.0448227	0.150648	0.00324007	0.000501727	0.00197824
-0.032960500000000004	0.08510679999999997	0.141474	0.00246577	0.000501727	0.00214258
-0.0314529	0.065084	0.10839800000000001	0.0034281	0.000501727	0.00220107
-0.029101299999999997	0.06506759999999999	0.13137100000000002	0.00328512	0.000501727	0.00236598
-0.0176459	0.0650854	0.109419	0.00341724	-3.35026e-06	0.00236598
-0.036811300000000005	0.0407439	0.110295	0.00290761	0.000501727	0.00221546
-0.0367852	0.07556689999999999	0.114022	0.0025548000000000003	0.000301945	0.00236598
-0.036767900000000006	0.061854999999999986	0.141645	0.00286862	0.000222442	0.00236598
-0.036751900000000004	0.0745708	0.134451	0.00312058	6.39142e-05	0.00218491
-0.03646219999999999	0.061754099999999985	0.149074	0.00219195	0.000501727	0.00201674
-0.0480915	0.061860800000000014	0.15973199999999999	0.0027632	0.00018758	0.00236598
-0.0485867	0.08663089999999997	0.145453	0.00218252	0.000501727	0.00236598
-0.0357274	0.0779442	0.13355899999999998	0.00283622	9.52947e-05	0.00236598
-0.0351457	0.0543928	0.11155899999999999	0.00309219	0.00041211199999999996	0.00236598
-0.0351352	0.07561819999999997	0.136674	0.00281082	7.445489999999997e-05	0.00236598
-0.0351547	0.0527706	0.13103299999999998	0.00270921	0.00019113599999999998	0.00236598
-0.051782600000000005	0.08282599999999997	0.140953	0.002466	0.000233241	0.00236598
-0.051778099999999994	0.0730848	0.155613	0.00292199	8.436269999999997e-05	0.00274797
-0.042806300000000005	0.0754118	0.16206500000000001	0.00319031	0.000477624	0.00236598
-0.031140499999999998	0.0485907	0.152584	0.00239964	0.000477624	0.00265384
-0.0453164	0.00699869	0.029131900000000002	0.00364634	0.000448398	0.00236598
-0.0526045	0.0327002	-0.024225999999999998	0.00315135	0.000332129	0.00190475
-0.048812	0.09218	0.014499600000000001	0.00313949	-0.000399969	0.00236598
-0.0492907	0.011953299999999998	0.0558453	0.00417496	-0.000227462	0.00242849
-0.0482005	0.0695944	0.068527	0.00246145	-0.00054412	0.00236598
-0.048681699999999994	0.0436451	0.118724	0.00295091	-0.000619071	0.00236598
-0.05275740000000001	0.0797113	0.11341500000000004	0.0029636999999999997	-0.00037892300000000003	0.00260696
-0.052747	0.0699451	0.12033800000000001	0.00279653	-0.00041391	0.00270649
-0.05534580000000002	0.0410217	0.133523	0.00331242	-0.000249322	0.00266563
-0.0527678	0.0676733	0.121268	0.00279653	-0.000304681	0.00290739
-0.0473208	0.067735	0.142656	0.00328466	-0.000462159	0.00301435
-0.047786199999999994	0.055206200000000004	0.11479	0.00377401	-0.00038394599999999997	0.003037
-0.0425199	0.081182	0.123252	0.00258783	-0.000533534	0.00292467
-0.046963099999999994	0.0476018	0.121575	0.00320245	-0.000513098	0.00277898
-0.0501176	0.0677048	0.116353	0.00258783	-0.00041803900000000004	0.00291131
-0.047279400000000006	0.0834498	0.11803499999999999	0.00291849	-0.000475247	0.00288527
-0.0501408	0.0594263	0.137742	0.00308856	-0.000650332	0.00280163
-0.0501358	0.08115239999999999	0.149437	0.00267567	-0.00046708	0.00290948
-0.0501622	0.062477599999999994	0.12328299999999999	0.00325014	-0.0005572859999999999	0.0030406999999999995
-0.0501375	0.062394399999999996	0.09742200000000001	0.00257385	-0.00026786	0.00276142
-0.0501186	0.08695899999999998	0.135413	0.00286836	-0.000445853	0.0027768000000000003
-0.0501155	0.0730876	0.139694	0.00301223	-0.000557119	0.00297699
-0.050102499999999994	0.06734169999999999	0.12285499999999999	0.00247425	-0.000595953	0.00312182
-0.0501175	0.0486651	0.15746300000000002	0.00323438	-0.0006860410000000001	0.00297918
-0.05007469999999999	0.0975588	0.140654	0.00248678	-0.00044942	0.00307605
-0.0500478	0.0759043	0.118092	0.00297008	-0.000539319	0.00317191
-0.0445717	0.0759195	0.07310219999999999	0.00258364	-0.000839236	0.00351126
-0.0500431	0.0477151	0.113027	0.00347031	-0.000681082	0.003333
-0.050076999999999997	0.08691	0.151583	0.00298188	-0.000704165	0.00313411
-0.055020800000000016	0.060591599999999995	0.14056	0.00361452	-0.0009335960000000001	0.00338167
-0.049988199999999997	0.07807809999999997	0.12054200000000001	0.00363464	-0.0009335960000000001	0.00351126
-0.049988199999999997	0.0683459	0.130554	0.00343827	-0.0009335960000000001	0.00351126
-0.0477768	0.063538	0.107199	0.00375551	-0.000550601	0.00331274
-0.0500705	0.07267130000000001	0.15498	0.00323842	-0.000450329	0.00331606
-0.0499981	0.07920539999999998	0.122948	0.00374321	-0.0009335960000000001	0.00334145
-0.0426768	0.0907211	0.12385	0.00359607	-0.0009335960000000001	0.00351126
-0.0512668	0.0569722	0.112545	0.00368093	-0.0009335960000000001	0.00351126
-0.0419578	0.0853927	0.130614	0.00250612	-0.000399534	0.00351126
-0.05348630000000002	0.0821072	0.111364	0.00383286	-0.0009335960000000001	0.00329987
-0.05794940000000001	0.0884188	0.132847	0.00323403	-0.000756629	0.00309393
-0.0530995	0.10556900000000001	0.137756	0.00351116	-0.0009335960000000001	0.00336793
-0.0557769	0.0693844	0.15311	0.00331349	-0.0009335960000000001	0.00334611
-0.057973199999999996	0.0839327	0.15314	0.00259629	-0.000553623	0.00339157
-0.057893499999999994	0.0705467	0.12103	0.00367128	-0.0009335960000000001	0.00365774
-0.0343394	0.0180535	0.0668269	0.00466355	-0.000300088	0.00373879
-0.0375272	0.08811059999999997	0.0353435	0.00413379	2.50374e-05	0.00375708
-0.0627722	0.0482436	-0.0204976	0.00360469	-0.0009335960000000001	0.00326227
-0.0464921	0.011610500000000001	0.057434900000000004	0.00287349	-0.0009335960000000001	0.00326227
-0.0572278	0.0564669	0.030377800000000007	0.0031533	-0.0009335960000000001	0.00369844
-0.06255459999999999	0.0411362	0.10169199999999999	0.00450576	-0.0009335960000000001	0.00349724
-0.0643441	0.07960159999999998	0.0771615	0.00343733	-0.0008704989999999997	0.00362842
-0.0643569	0.0559644	0.08136489999999999	0.00408196	-0.0009335960000000001	0.00369995
-0.06435439999999999	0.0430722	0.0492771	0.00384524	-0.00120958	0.00360822
-0.0644126	0.055782000000000005	0.081463	0.00351527	-0.0008664029999999999	0.00371221
-0.064487	0.055834400000000006	0.0908465	0.00386704	-0.0007332310000000001	0.00376911
-0.0645309	0.0432527	0.13136	0.00254084	-0.0005789619999999999	0.00372849
-0.0644804	0.06976210000000001	0.06843289999999999	0.00413916	-0.00137458	0.00365569
-0.06872	0.061229099999999995	0.109418	0.00431707	-0.00095842	0.00381709
-0.0644923	0.10310599999999999	0.09905180000000001	0.00428978	-0.00115703	0.00400396
-0.06457	0.0530774	0.17707799999999999	0.0034304	-0.000592554	0.00395156
-0.0623894	0.0815429	0.08227719999999998	0.00377943	-0.00102593	0.0039405
-0.0561505	0.0674813	0.10877300000000001	0.00483559	-0.00123435	0.00415876
-0.058071800000000014	0.106546	0.13033699999999998	0.00393021	-0.00114893	0.00407999
-0.05802080000000001	0.06360890000000001	0.160462	0.00331012	-0.00123535	0.00409219
-0.056049699999999994	0.103241	0.08698099999999999	0.00381463	-0.00125359	0.00382557
-0.058042599999999986	0.040664599999999995	0.10603900000000001	0.00444798	-0.00154718	0.00358232
-0.058068499999999995	0.0939627	0.113129	0.00371894	-0.00135899	0.00390449
-0.058041300000000004	0.0864997	0.09483539999999999	0.00350746	-0.00140109	0.00387811
-0.058048300000000004	0.0812138	0.0815209	0.00346053	-0.00150891	0.00380168
-0.0580089	0.061573300000000004	0.102745	0.00394657	-0.00175105	0.00400758
-0.057999	0.0616197	0.09629589999999999	0.004164800000000001	-0.00175105	0.00415877
-0.057999	0.08269039999999997	0.10943399999999999	0.00413442	-0.00175105	0.00415877
-0.058051900000000003	0.07323710000000001	0.0990742	0.00404915	-0.00168196	0.0037533
-0.06378969999999999	0.08239639999999998	0.0967408	0.00282426	-0.00200199	0.0039610999999999995
-0.058015599999999994	0.0681252	0.0881697	0.00398411	-0.00175105	0.00385819
-0.057999	0.09371239999999999	0.07705369999999999	0.00317807	-0.00175105	0.00415877
-0.0580123	0.08699519999999998	0.0972371	0.00407578	-0.00175105	0.004044699999999999
-0.058013300000000004	0.09005349999999998	0.09431239999999999	0.00356818	-0.00166285	0.00408217
-0.057999	0.10291099999999999	0.0907453	0.00356818	-0.00175105	0.00415877
-0.0481894	0.084209	0.14493499999999998	0.00418788	-0.00175105	0.00425358
-0.050894	0.0447587	0.0536922	0.00356818	-0.00181539	0.00415877
-0.041931800000000005	0.0647546	0.023287000000000002	0.00417221	-0.00175105	0.00369106
-0.040831	0.121083	0.0208851	0.00359696	-0.0020277	0.00415877
-0.0373739	0.0330793	0.027316399999999998	0.00434743	-0.00173982	0.0043319
-0.041474199999999996	0.10305	0.11900500000000006	0.00415718	-0.00190959	0.00438901
-0.0415535	0.07218879999999997	0.121866	0.0047637	-0.00148638	0.00435112
-0.0414836	0.09241410000000004	0.09050239999999997	0.00400041	-0.00182111	0.00460649
-0.0371399	0.0623798	0.06511180000000001	0.00455006	-0.00173643	0.00445011
-0.047793800000000004	0.09447710000000001	0.0906169	0.00336813	-0.00186255	0.00415877
-0.05347869999999999	0.08228789999999997	0.0922538	0.00451518	-0.00187025	0.00431067
-0.053143899999999994	0.09448730000000001	0.0707159	0.0035760999999999996	-0.00206207	0.00408217
-0.0415853	0.0646186	0.111268	0.00414236	-0.00191679	0.00415877
-0.0415753	0.09323360000000004	0.10366099999999999	0.00332288	-0.00202866	0.00427659
-0.041587099999999995	0.06463780000000001	0.109644	0.00426578	-0.00208431	0.00415877
-0.0359897	0.0643634	0.08792029999999999	0.00267451	-0.00226255	0.00415877
-0.0382564	0.0646549	0.0545361	0.00464451	-0.00213774	0.00415877
-0.0356259	0.10351500000000001	0.0170347	0.00299198	-0.00218938	0.00415877
-0.035694	0.0326503	-0.0017820999999999996	0.00455932	-0.00217418	0.00415877
-0.0357231	0.0754994	0.0384891	0.00322041	-0.00209501	0.00415877
-0.043101099999999996	0.077895	0.06499289999999999	0.00433866	-0.00236868	0.0040168
-0.0357154	0.0778019	0.060520800000000013	0.00391031	-0.0018973	0.00415877
-0.0471279	0.09656050000000001	0.08288579999999998	0.00380153	-0.00213449	0.00405502
-0.0442229	0.0857297	0.07682279999999997	0.004406	-0.00188043	0.00415877
-0.0356986	0.096596	0.08281469999999999	0.00363554	-0.00214312	0.00421612
-0.049009699999999996	0.07981289999999999	0.08275489999999999	0.00437414	-0.00188305	0.00406079
-0.05182280000000001	0.100147	0.0728208	0.00404003	-0.00200978	0.00415877
-0.0460405	0.074183	0.0827475	0.00497044	-0.00191185	0.00421974
-0.051836400000000005	0.10469500000000001	0.0902636	0.00365133	-0.00181492	0.00424683
-0.0518328	0.07831989999999997	0.09494590000000004	0.00440382	-0.00207089	0.00415877
-0.051833000000000004	0.122092	0.07276259999999997	0.00298102	-0.00203816	0.00415877
-0.05191900000000002	0.062796	0.07452699999999997	0.00433654	-0.00176464	0.00415877
-0.05191900000000002	0.107293	0.0979502	0.00364204	-0.00176464	0.00415877
-0.058655	0.09190419999999999	0.14267	0.00449027	-0.00176464	0.00415877
-0.05191900000000002	0.12032899999999999	0.09681469999999999	0.00434298	-0.00176464	0.00415877
-0.0598047	0.0859679	0.109295	0.00432427	-0.00219671	0.00415877
-0.0519186	0.10317799999999999	0.056355999999999996	0.00373522	-0.00203377	0.00415877
-0.0519753	0.0498797	0.110385	0.0033304000000000003	-0.00262603	0.0038888000000000004
-0.0520012	0.104289	0.0730658	0.00392175	-0.00224728	0.00415877
-0.0635372	0.08063879999999997	0.0678436	0.00455651	-0.00191773	0.00386684
