trans_x	trans_y	trans_z	rot_x	rot_y	rot_z
-0.004739500000000001	0.0321085	0.0695552	0.000918596	0.00025281	0.0
-0.0116072	0.13973600000000005	0.187275	-0.000283951	-0.000301453	7.19184e-05
-0.0107825	0.0171345	0.0544165	0.00036442	0.000260043	0.0
-0.014357499999999999	0.144008	0.190375	-0.00023082200000000002	-0.000239231	1.3234899999999996e-23
0.00287131	0.034688699999999996	0.0516533	0.000409994	0.00031220200000000003	9.05225e-05
0.00291461	0.150573	0.209858	0.000268578	-0.000301454	0.0
0.00293815	0.039974699999999995	0.08015689999999999	0.000419082	-0.000301454	0.000250342
0.00285246	0.148677	0.186393	0.00010458200000000001	-0.000242771	0.00035569599999999996
-0.000285773	0.071576	0.0901167	0.000637619	-0.000301454	-8.550919999999997e-05
0.0027892	0.147302	0.172593	5.0482299999999996e-05	9.169069999999999e-05	0.000191795
0.0027548000000000004	0.050577300000000006	0.08335299999999997	0.000215358	0.00014572399999999996	7.19874e-05
0.00275992	0.13386099999999998	0.171829	0.000680618	0.00014549299999999998	0.00016666400000000002
-0.00508671	0.0977669	0.148339	8.77112e-05	-0.000301454	0.000100789
-0.00669664	0.11635699999999999	0.14711300000000002	0.000358517	-0.000301454	0.000125563
-0.00786407	0.107064	0.171494	-2.42187e-05	-0.000107735	-8.550919999999997e-05
0.00339952	0.0493401	0.0710107	0.0007788079999999998	0.000541247	-8.550919999999997e-05
0.017105900000000004	0.0344073	0.0949866	0.000688293	0.000744965	2.23875e-05
0.00348233	0.155412	0.187155	-0.000212162	2.68078e-05	-8.550919999999997e-05
0.014552100000000004	0.0212077	0.06323200000000001	0.00100962	-0.000301454	0.00014111000000000004
0.014599200000000001	0.15776300000000001	0.185941	0.000326709	-0.000301454	0.000200113
0.014527600000000003	0.056615399999999996	0.114418	0.000643564	-6.2778e-05	0.000289884
0.00558048	0.101844	0.13635899999999998	0.0008200719999999999	-1.807e-05	0.00019819
-0.00307275	0.08064810000000001	0.127722	0.000298601	-1.35123e-05	-8.550919999999997e-05
0.014474	0.013963900000000001	0.05899490000000001	0.00135655	9.101709999999999e-05	-8.550919999999997e-05
0.0145796	0.152696	0.209934	0.000210907	-0.00020903799999999999	0.000292965
0.00547182	0.0558302	0.050701800000000005	0.00065269	-0.000235511	3.28847e-05
0.014547799999999996	0.11425	0.129175	0.0006724999999999999	-0.000122886	9.413020000000001e-05
0.00841203	0.0611318	0.11941600000000001	0.000503786	-0.000163598	0.000219171
0.0145025	0.0242179	0.0789462	0.00121949	0.000150723	5.186799999999998e-06
-0.00160951	0.12420899999999999	0.162806	0.0001	-0.000301454	0.000135392
0.0145244	0.029325099999999996	0.038808499999999996	0.0005936180000000001	-5.53382e-05	7.6681e-05
-0.00590271	0.174628	0.20696199999999998	0.000364377	-0.000301454	-8.550919999999997e-05
-0.00592331	0.10659600000000001	0.117843	0.00059068	-8.37556e-05	-8.550919999999997e-05
0.00336992	-0.038845300000000006	0.0283177	0.0007699569999999999	0.000432841	-8.550919999999997e-05
0.0191661	0.057586300000000014	0.0284452	0.000977142	6.77885e-05	-8.550919999999997e-05
0.00536413	0.166061	0.202014	0.000673167	-0.000301455	-8.550919999999997e-05
0.00878569	0.04439919999999999	0.0705725	0.00131965	-0.000301455	0.00012164299999999999
0.023772099999999997	0.133234	0.160435	0.00105997	-0.000301455	-8.55093e-05
0.018775099999999996	0.0648725	0.12906800000000002	0.000683039	-0.000301455	0.000205721
0.0210996	0.0290305	0.07211189999999999	0.0015995999999999999	0.000200295	0.000111489
0.01406	0.12246199999999999	0.133374	0.000814335	-0.000471745	0.000261385
0.00870547	0.0788452	0.125855	0.00041740300000000016	-0.000121551	-8.55093e-05
0.026415300000000003	0.0471596	0.0929746	0.00127407	-0.000301455	5.2923e-05
0.0209535	0.147339	0.160619	0.000109554	-0.000301455	0.00011315899999999999
0.0209395	0.061630099999999986	0.07814789999999999	0.00111465	-8.96511e-05	0.000238432
0.00468496	0.134216	0.144743	0.0006617260000000001	-0.000301455	-8.55093e-05
0.00468496	0.0438077	0.0239206	0.000644512	-0.000301455	-8.55093e-05
0.00468496	0.15355	0.176788	0.000862393	-0.000301455	-8.55093e-05
0.000440875	0.0414109	0.06920060000000001	0.00103173	-0.000301455	-8.55093e-05
0.0150192	0.0636263	0.0526869	0.00112285	0.000134493	-8.55093e-05
0.00359344	0.130017	0.172828	0.000306102	-0.000301455	-0.000144311
0.00688148	0.0211305	0.038861900000000005	0.000814253	0.00010555200000000001	-8.55093e-05
0.0101256	0.132863	0.205794	0.000746632	1.09937e-06	-0.000261545
0.0101669	0.054979499999999994	0.07197150000000001	0.000994085	-1.14244e-05	-0.000111468
0.010108	0.116093	0.14088299999999998	0.000983872	-5.24531e-05	-1.58798e-05
-0.006340600000000001	0.0944048	0.12236	0.000624882	-0.000301455	-1.58798e-05
-0.00635001	0.0720367	0.07558339999999998	0.000922779	-0.000123534	-1.58798e-05
-0.006340600000000001	0.161392	0.174203	0.000338649	-0.000301455	-1.58798e-05
-0.0194938	0.0472069	0.06264510000000001	0.00102842	0.00015556	-0.000153361
-0.006340600000000001	0.11813299999999999	0.128546	0.0005137869999999999	-0.000301455	-1.58797e-05
-0.013537200000000001	0.07149349999999999	0.105749	-7.21622e-05	0.000128362	-1.58797e-05
0.0184571	0.0443671	0.0283997	8.274209999999998e-05	-0.000351676	-1.58797e-05
-0.00148445	0.136423	0.141413	0.000294011	-5.4694099999999995e-05	-1.58797e-05
-0.00146238	0.041492900000000006	0.038424900000000005	0.000893742	-8.75351e-05	-1.58798e-05
-0.00147688	0.09427050000000001	0.0581394	0.0008585439999999999	8.21128e-05	-1.58798e-05
-0.00145231	0.08638839999999999	0.07326879999999998	0.000216125	-0.00030145599999999997	-1.58798e-05
0.000512753	0.023069	0.0459872	0.00098028	0.000265014	-0.00016826799999999998
-0.00145231	0.145172	0.160725	0.000498319	-0.00030145599999999997	-1.58798e-05
0.00385209	0.027290699999999998	0.032867900000000005	0.000502732	-4.14319e-05	-1.58798e-05
-0.00147903	0.12040799999999999	0.11806300000000006	0.0008781689999999999	-7.62563e-05	-1.58798e-05
-0.00145231	0.0616572	0.06589539999999999	0.0010321	-0.00030145599999999997	-1.58798e-05
0.013357399999999998	0.11461700000000001	0.10666500000000001	0.000977888	-0.00030145599999999997	-1.58797e-05
0.00388599	0.09397860000000001	0.11763900000000001	0.000508157	-0.00013386	4.6276e-05
0.011832500000000001	0.0531201	0.0295688	0.00113126	-0.000133579	5.83298e-05
0.0066133	0.15543099999999999	0.151899	0.000597575	-0.00010487200000000001	-1.58798e-05
0.00665916	0.0784447	0.0628429	0.000294705	-0.00030145599999999997	-1.58798e-05
0.006652600000000001	0.0859582	0.06517240000000002	0.00098676	-0.00010259	7.38937e-05
0.00665916	0.13064800000000001	0.103323	0.000320884	-0.00030145599999999997	-1.58798e-05
0.00666196	0.06270770000000002	0.0108159	0.000742165	-0.000242148	-1.58798e-05
-0.00492952	0.161206	0.128356	0.00042643900000000003	-0.000364041	-1.58798e-05
0.00665583	0.046625900000000005	0.0204248	0.000539497	-6.45082e-05	-1.58798e-05
0.00664405	0.06868350000000001	0.04347480000000002	0.0007630169999999997	6.7884399999999995e-06	-1.58798e-05
0.00665916	0.143043	0.133133	0.00025414700000000003	-0.00030145599999999997	-1.58798e-05
0.0139526	0.0465022	0.023703099999999998	0.000914405	-0.00030145599999999997	0.000179751
0.00662456	0.163217	0.142025	0.000500725	-7.16291e-05	-1.58798e-05
0.000575089	0.048017800000000006	0.040128199999999996	0.00062309	-1.35387e-05	-0.000147193
0.00664541	0.117846	0.11638399999999999	0.000899405	-0.00017302099999999998	-1.58798e-05
0.00665916	0.087289	0.0800275	0.000246574	-0.00030145599999999997	-1.58798e-05
0.00666988	0.0390798	0.0693151	0.0011583	-0.00030145599999999997	6.61989e-05
0.00664532	0.121268	0.12929000000000002	0.000373413	-0.00021521099999999998	-1.58798e-05
-0.00968621	-0.0379756	-0.0618279	-0.00102239	0.00046265900000000003	-1.58798e-05
0.0125118	0.107971	-0.0590231	3.26883e-06	0.000217661	8.369020000000001e-05
-0.0134024	0.13068	0.08025849999999997	-0.000239388	-0.00043133900000000004	0.000502074
0.018066299999999997	0.032757	-0.029851	0.00124657	-1.23575e-05	0.000514677
0.0094716	0.156722	0.111178	0.00032916300000000005	-0.000154043	0.000114088
0.0131279	0.0615251	-0.0433532	-0.000468457	0.000161549	0.000245588
0.009513400000000005	0.160102	0.103474	0.0006699789999999999	-7.03186e-05	0.00017099599999999995
0.000607594	0.07090439999999999	-0.0214641	-4.48541e-05	-0.00012252200000000002	0.000114088
-0.011044600000000002	0.179632	0.0910385	9.002870000000001e-05	7.87659e-05	0.000114088
-0.00439104	0.0539714	-0.0247141	-0.000371672	-0.00019772099999999999	0.00025938299999999997
0.0139666	0.147583	0.07072569999999999	0.000552059	0.000187745	0.000498055
-0.00216404	0.11648	0.0448096	0.000514982	-0.00021114	0.0005264930000000001
-0.00229743	0.0756053	0.0360663	0.0009195570000000002	0.000346752	0.000114088
-0.00530561	0.15830999999999998	0.0856125	0.00014974700000000001	0.000131089	0.000114088
0.017066999999999995	0.06902389999999999	-0.0224359	0.00106572	-0.00043134	0.000375281
0.014777	0.112248	0.0353702	0.00100909	-0.00020454099999999998	0.00044713099999999997
0.0146821	0.153119	0.12153499999999999	-0.000290578	-0.00016106899999999999	0.00025418799999999997
0.014756899999999996	0.0305075	-0.015302600000000001	0.000397583	0.0005424890000000001	0.000353399
0.014691899999999999	0.15395599999999998	0.10467	5.97921e-05	-0.000189377	0.000245258
0.0147208	0.029897399999999998	-0.0317147	-0.000306642	0.00029403400000000004	0.000259213
0.0186127	0.163192	0.0869695	0.0007798409999999998	0.00016801400000000002	0.00031590599999999997
0.014671799999999999	0.06992029999999999	-0.022956	0.00011096600000000001	0.00018419200000000001	6.744100000000001e-05
0.0125807	0.144502	0.043291699999999995	0.0007735289999999999	0.000259655	0.00025956
0.014691299999999997	0.09607260000000001	0.0417236	-8.226359999999997e-05	0.000105722	0.000354049
0.024567500000000003	0.0983768	-0.029185500000000007	0.00130729	-0.00043134	0.000468935
0.032926	0.185898	0.11403599999999996	-0.000874874	-0.000178508	0.000363716
0.021469400000000003	0.050376300000000006	-0.035274900000000005	8.128369999999998e-05	0.000639813	0.000435964
0.0146333	0.12276300000000001	0.0501725	0.000249805	0.00010819700000000001	0.00037314300000000004
0.0146079	0.101721	0.014726900000000001	-0.0005605359999999999	0.000372074	0.00037314300000000004
0.016967199999999998	0.106363	0.021385400000000002	0.000447782	0.00012207399999999998	0.00037314300000000004
-0.00292619	0.16835999999999998	0.156856	6.049940000000001e-06	-0.00012229600000000004	0.00037314300000000004
0.0202998	0.024849200000000002	-0.027403399999999998	0.000455613	0.00012207399999999998	0.000584174
0.015335900000000001	0.155086	0.09941440000000004	0.000391676	0.00012207399999999998	0.00042712699999999996
0.020315599999999996	0.0447886	0.010343000000000001	0.00037330800000000004	0.00012207399999999998	0.0004644680000000001
0.024771	0.0713948	0.010375100000000002	0.000603888	0.00012207399999999998	0.000283902
0.020200700000000002	0.149749	0.0776279	-3.45838e-05	0.00012207399999999998	0.000157253
0.020253099999999996	0.0227837	-0.00576506	0.00116165	0.00012207399999999998	0.000262655
0.014197899999999998	0.16733199999999998	0.0989693	-0.000170388	-0.00022549999999999998	0.00041933199999999996
0.023203900000000003	0.030059500000000006	-0.0370778	8.03125e-05	0.000408695	0.00041933199999999996
0.020230500000000002	0.17092000000000002	0.10281300000000004	0.00063969	0.00011843200000000001	0.00026662400000000003
0.020336700000000003	0.0553814	-0.0222521	-0.00039722	-7.50276e-05	0.000284272
0.0202956	0.172547	0.07427029999999997	0.000440516	9.56166e-05	0.00041933199999999996
0.0202825	0.0586368	-0.0248211	-0.000571674	8.489239999999998e-06	0.00011119899999999999
0.0202837	0.13971900000000004	0.0497333	0.0009529380000000001	8.94044e-05	0.000297205
0.020324099999999998	0.119343	0.0179472	-7.828399999999997e-05	-6.58254e-05	0.00041933199999999996
0.0203807	0.052494500000000006	-0.035064099999999994	3.79092e-05	0.000545119	0.00041933199999999996
0.0202903	0.161101	0.103348	0.000188751	-3.96829e-05	0.00041933199999999996
0.020394299999999997	0.0609194	-0.0513385	-0.000435167	0.00013713200000000001	0.00041933199999999996
0.0202607	0.13923700000000006	0.0621649	0.000586028	0.000188915	0.000225968
0.0203425	0.0626474	-0.0252664	-0.0006248730000000001	0.000261402	0.00041933199999999996
0.0161688	0.08451709999999997	-0.0286721	0.000602266	0.000417479	0.00041933199999999996
0.0179442	0.15859700000000002	0.0658545	-0.000350539	1.14744e-05	0.00041933199999999996
0.0203666	0.036268199999999993	-0.0406022	9.664879999999999e-05	0.000539191	0.00033791
0.0202227	0.13831300000000002	0.08639019999999999	0.00016995200000000002	1.6595e-07	0.000183267
0.0115311	0.0360816	-0.0718565	-0.000514852	0.000204168	0.000342366
0.0202864	0.162643	0.07855919999999998	0.000629005	0.00016695799999999998	0.00032356700000000003
0.014183700000000004	0.053087999999999996	-0.0611189	-2.8656999999999997e-05	6.81302e-05	0.000360659
0.012859	0.143745	0.056787699999999997	0.0002081	8.635809999999998e-05	0.00016916299999999998
0.0202332	0.043061300000000004	-0.019689599999999998	0.00032962800000000005	-0.000518365	0.000192988
0.0202193	0.118229	0.06653400000000001	0.00016052200000000002	0.000253864	0.000216485
0.020288	0.0461447	-0.0421277	-0.000502882	0.000246539	0.000146925
0.0238696	0.08772159999999997	-0.0134292	-0.000277109	-2.5459400000000003e-06	0.000278977
0.0138203	0.135104	0.0657873	-6.00319e-05	0.000134517	9.96275e-05
0.0228969	0.0431914	-0.0596528	0.00021877799999999998	0.000487425	0.00021847900000000002
0.022774799999999998	0.121226	0.0181171	0.000604582	0.000529236	2.23547e-06
0.00642209	0.13289100000000004	0.0649612	-0.00019250000000000002	-3.75498e-05	0.000126517
0.028298300000000002	0.06948330000000001	-0.068191	-0.00024781	-3.75498e-05	0.000339645
0.0313439	0.074045	-0.040507999999999995	-0.00021799299999999998	0.0007386989999999999	0.00045433699999999997
0.0245601	0.21023899999999998	0.0996788	-0.000600595	-3.75498e-05	0.000289715
0.025458500000000002	0.047787300000000005	-0.055434199999999996	-0.00012779	0.000340586	0.00021396400000000005
0.028295599999999997	0.19508499999999998	0.0774341	0.000569098	0.000320959	0.000222458
0.0226491	0.096945	-0.0518328	-0.00111733	0.00013905299999999998	0.000260519
0.028310000000000002	0.159907	0.062146300000000015	-1.9874400000000005e-06	-3.75498e-05	0.000227325
0.022194799999999997	0.0782469	-0.0617759	-0.00025146799999999997	0.000402962	0.000143833
0.0282752	0.196562	0.0576461	0.0008611239999999999	0.000362034	0.00016847900000000002
0.0198703	0.0800245	-0.019991400000000003	-0.00061512	-3.75498e-05	0.00018312
0.0283089	0.132325	0.07757	0.000191325	0.000398824	0.000368936
0.0161085	0.06978939999999999	-0.0445361	0.000247758	0.000349586	0.00022369599999999998
0.0216449	0.136773	0.0329371	0.0008604210000000001	-3.75498e-05	0.00032999900000000004
0.0105641	0.0903355	0.0338149	-0.0009565169999999999	0.000257279	0.000261499
0.0234702	0.11118099999999999	0.04426769999999999	0.000669109	0.000626949	0.000153003
0.0106476	0.133596	0.00173033	-0.0008765739999999998	0.000774918	0.000277365
0.0168173	0.11985799999999999	0.00343392	0.00117032	0.00042454	0.00019486400000000002
0.0106671	0.17938099999999998	0.09363710000000001	-0.000118975	0.00030693	0.000446327
0.0105864	0.095202	-0.0188637	-0.000570149	8.83744e-05	0.000173757
0.010615799999999998	0.170489	0.06665399999999999	-0.00025857	0.000142523	0.000252857
0.0226363	0.058901999999999996	-0.07353849999999999	-5.55575e-05	0.000404126	0.00017036
0.037733300000000004	0.154378	0.0155484	0.000332534	-3.75498e-05	0.0004904330000000001
0.021450599999999997	0.114629	0.014514700000000004	-0.000913816	0.000506305	0.00034704099999999997
0.021383199999999998	0.0648676	-0.017253900000000003	-5.56793e-05	0.0007618210000000001	2.23547e-06
0.023722200000000002	0.150971	0.0603173	-0.000339619	0.00032780699999999995	0.00052897
0.024821400000000004	0.07119439999999999	-0.0156161	-0.00043723199999999996	3.10979e-05	0.00048153599999999996
0.021597	0.15149300000000002	0.071501	-1.48752e-05	-3.75498e-05	0.00048153599999999996
0.0215235	0.0653091	-0.06183830000000001	0.000509523	9.425540000000001e-05	4.36554e-05
0.021583900000000003	0.0682183	-0.024251599999999998	-0.00062852	0.0007719619999999997	0.00033203800000000005
0.0214952	0.181765	0.09004009999999997	-0.000339072	0.000155881	0.000256532
0.021631400000000002	0.052565999999999995	-0.0637038	-0.000333193	0.000597027	0.00048153599999999996
0.0215788	0.17622100000000002	0.0593495	-0.000272385	0.00021820900000000002	0.00048153599999999996
0.0216287	0.0391092	-0.08167410000000001	-0.000121997	0.0007535159999999998	0.00031366900000000004
0.021575	0.16182	0.0706103	-0.00016931900000000002	0.000376957	4.456560000000001e-05
0.021575	0.0543188	-0.107377	-0.0007920969999999999	0.000376957	4.456560000000001e-05
0.0216387	0.186981	0.08199989999999999	-0.00030549	0.000376957	0.00021292299999999998
0.02174	0.0482197	-0.09765900000000001	-0.00048775699999999996	0.000623353	0.000689194
0.0214554	0.18613	0.0656192	-0.000543981	0.000840438	0.000324997
0.0215081	0.0459905	-0.07822529999999997	-0.000182838	0.00068268	0.000324997
0.0214799	0.156467	0.022813999999999997	0.00108638	0.000709905	0.000324997
0.010674800000000002	0.09946410000000004	-0.0261243	-0.000466098	0.000376957	0.000324997
0.0214758	0.08440799999999997	-0.00394645	0.000682676	0.0008884969999999998	0.000324997
0.021491999999999997	0.131676	0.0308185	-0.000986099	0.00037695599999999996	0.000324997
0.0261688	0.07088589999999999	-0.0938245	7.251349999999997e-05	0.000376957	0.000324997
0.014137299999999997	0.140873	0.028051	-0.000514944	0.000376957	0.00014756599999999996
0.021476699999999998	0.0289835	-0.11697900000000006	-0.00020012	0.000206667	0.000324997
0.036721	0.15973099999999998	0.0257031	7.540689999999997e-05	0.000376957	0.000324997
0.0235078	0.06884900000000001	-0.113034	-0.000379422	0.000312371	0.000324997
0.0234535	0.140158	0.0153534	0.000637195	0.000376957	9.296559999999999e-05
0.0234958	0.0848291	-0.00874066	-0.0009851800000000002	0.000804177	0.000324997
0.0329583	0.07131110000000003	-0.10310699999999999	4.28657e-05	0.000376957	0.000324998
0.0235957	0.18881900000000001	0.052004199999999993	-0.000463607	-0.000289808	0.000324998
0.0235183	0.07479049999999997	-0.106688	0.00024354799999999998	0.000453706	0.000324998
0.023515099999999997	0.16636899999999996	0.050438300000000005	0.000129386	0.000376957	0.000324998
0.023515099999999997	0.0788138	-0.0985117	-3.5213200000000004e-05	0.000376957	0.000324998
0.0236107	0.169576	0.00342129	0.000548493	0.000376957	0.0006300769999999999
0.023515099999999997	0.12066800000000001	-0.08522539999999999	-0.0007347589999999998	0.000376957	0.000324998
0.023546400000000002	0.0938474	-0.08011239999999999	-0.000321572	0.0006826180000000001	0.00039071699999999995
0.023515099999999997	0.177022	0.0014968	-0.0007326299999999997	0.000376957	0.000324998
0.023519799999999997	0.0620293	-0.145322	-0.000473905	0.000376957	0.000345576
0.05090019999999999	0.15348399999999998	-0.09000429999999998	-0.00033079800000000004	0.000554231	0.000605186
0.0270361	0.17260799999999998	0.00849971	-0.00101997	0.000376957	0.00049193
0.0268341	0.0557297	-0.161418	0.00021728400000000002	0.000376957	0.0005205580000000001
0.0198815	0.1922	0.0270225	0.000113154	0.0010096	0.00032890199999999995
0.0198697	0.0689733	-0.12172999999999999	0.000152291	0.000376957	0.000179045
0.0200759	0.204377	0.0278687	-0.0007910189999999999	0.000376957	0.000693382
0.0198822	0.060289699999999995	-0.131079	0.00027381	0.000459143	0.000179045
0.0220988	0.185151	0.027873200000000004	0.0006766610000000001	0.000376957	0.000179045
0.0168426	0.0976318	-0.09824010000000001	-0.00010151200000000004	0.000376957	0.00029701799999999997
0.0199543	0.15446299999999996	-0.0252698	0.000514008	0.000376957	0.00048647
0.0198697	0.0998829	-0.0824564	-0.00032926099999999996	0.000376957	0.000179045
0.0318528	0.078943	-0.134858	0.00076736	0.000587554	0.000254531
0.013090000000000001	0.19230899999999998	-0.026983099999999996	-0.000735368	0.000479882	0.000179045
0.028198400000000005	0.0571672	-0.16580899999999998	0.000174826	0.000376957	0.000179045
0.0282418	0.151471	-0.0897431	0.000462515	0.0006997010000000001	0.00024514
0.0205149	0.176583	-0.06071569999999999	-0.00014552	7.37395e-05	0.00037910300000000015
0.0285149	0.05947010000000001	-0.17382	0.000172489	0.000532727	0.000347287
0.0285497	0.194457	-0.00627179	0.000476851	0.000479111	0.000364193
0.0284635	0.08788510000000001	-0.136677	0.000490436	7.4471e-05	5.82451e-05
0.00826424	0.19356099999999998	-0.0107573	0.00131329	0.0005524330000000001	6.09775e-05
0.0108777	0.164129	-0.0812539	0.0007745019999999999	-4.04067e-05	0.000179045
0.0108786	0.187446	0.00946311	-0.0009334810000000001	7.4471e-05	0.000179045
0.0108947	0.0539624	-0.194254	-0.000212593	0.00019035299999999998	0.000123035
0.019128799999999998	0.124123	-0.153719	0.00063272	0.000371279	0.000179045
0.017041	0.154921	-0.06757130000000001	1.3226600000000001e-05	0.00040482800000000003	0.00034162699999999995
0.039787699999999995	0.04661869999999999	-0.214029	0.00043973300000000004	0.000607903	0.000401262
0.0382295	0.169489	-0.147124	0.00093661	0.000755632	0.000432317
0.028394	0.153607	-0.08027869999999998	-0.00019046900000000002	0.000607903	0.000421333
0.0413453	0.0610034	-0.206927	0.00093762	0.000318332	0.000356469
0.0342425	0.176175	-0.08521009999999997	0.00122429	0.000607903	0.0006985580000000001
0.0341137	0.0811251	-0.181643	-0.00020344299999999998	0.000607903	0.000432529
0.039149699999999996	0.111594	-0.168751	0.00107822	0.000607903	0.000179045
0.029273700000000007	0.186056	-0.109628	0.000138955	0.000607903	0.000362831
0.0314015	0.05667100000000001	-0.23608200000000001	0.0006358	0.0007381249999999997	0.000179045
0.0165106	0.192848	-0.0472503	0.00111847	0.0011232999999999998	0.000179045
0.0252503	0.0584058	-0.218138	0.00037415800000000003	0.00079244	0.000179045
0.030667200000000002	0.10735	-0.198121	0.0007041069999999999	0.000607903	0.00010876
0.0261712	0.183676	-0.129626	-0.00026509200000000003	0.000607903	0.000179045
0.0451729	0.0477774	-0.284069	0.000664568	0.00108637	0.000283552
0.038414699999999996	0.13580799999999998	-0.19125	0.00106102	0.00106179	0.000179045
0.038569400000000004	0.128138	-0.216425	-0.00050181	0.0007847569999999998	0.000405156
0.036644	0.091554	-0.210144	0.0005281519999999999	0.000993735	0.00035367199999999997
0.0365355	0.144334	-0.169962	-0.00016983799999999998	0.000607903	0.000179045
0.0365355	0.06980399999999999	-0.286402	0.000632878	0.000607903	0.000179045
0.0365355	0.168139	-0.12479100000000005	-0.00068736	0.000607903	0.000179045
0.0441251	-0.00370677	-0.32764	0.0006644760000000001	0.000607903	0.000365955
0.048918199999999995	0.133731	-0.252235	0.00038594	0.000607903	0.000179045
0.03673030000000002	0.117047	-0.212966	0.000114531	0.000607903	0.000179045
0.045722900000000004	0.052514099999999994	-0.339071	0.0007352289999999999	0.000607903	0.00038328
0.0329852	0.187692	-0.214517	0.000910157	0.0007384279999999997	0.000179045
0.0430416	0.06914760000000003	-0.284955	-7.807549999999998e-05	0.000607904	0.000179045
0.0484423	0.0946952	-0.25640799999999997	0.000824438	0.0007518359999999998	0.000382995
0.038716	0.148777	-0.21686100000000005	-0.000319535	0.000661378	0.000609934
0.042378	0.047851300000000006	-0.32906599999999997	0.000606468	0.0010444	0.000179045
0.0423318	0.185551	-0.15157	0.000573506	0.0009681539999999999	0.000179045
0.039718800000000005	0.0677914	-0.338082	0.000747692	0.000607904	0.000610114
0.044370599999999996	0.0889258	-0.26242	0.00121052	0.0007124480000000001	0.000393399
0.0374231	0.143848	-0.183472	-0.000200027	0.000607904	0.000467394
0.04941040000000002	0.0398851	-0.329953	0.000927193	0.00113257	0.00041149199999999996
0.0423521	0.158615	-0.159477	0.0007083689999999999	0.00035790400000000003	0.00041149199999999996
0.0513004	0.043563599999999994	-0.35520300000000005	0.00042496099999999996	0.000607904	0.000411491
0.042364099999999995	0.14656	-0.192247	0.000474052	0.000607904	0.00041149199999999996
0.0271437	0.0823233	-0.262204	0.00135735	0.00054842	0.00035648099999999996
0.030993599999999996	0.128566	-0.190023	0.00158545	0.0007501129999999997	0.00041149199999999996
0.0180764	0.09690449999999999	-0.197772	0.0005916809999999999	0.000241229	0.000411491
0.0288014	0.018906799999999998	-0.301844	0.0007667159999999998	0.000661347	0.000411491
0.034138699999999994	0.143351	-0.17481300000000002	0.00039951300000000016	0.000607904	0.000411491
0.0240926	0.064928	-0.323444	0.0005494990000000001	0.000486779	0.000411491
0.037989499999999995	0.0934994	-0.30595300000000003	0.0015379	0.000607904	0.000411491
0.0347431	0.17083199999999998	-0.197101	0.000621314	0.000441712	0.00041149199999999996
0.0400548	0.0434499	-0.322848	0.00129172	0.000607904	0.000241106
0.0242185	0.194702	-0.15712	0.000839102	0.000607904	0.00039738
0.029282799999999998	0.06338770000000002	-0.311637	0.00104658	0.0005479980000000001	0.000585114
0.0340722	0.188246	-0.130694	0.00139808	0.000891518	0.000266845
0.0368026	0.06348490000000001	-0.302072	0.000987498	0.0005359280000000001	0.000266845
0.030725299999999997	0.155744	-0.23508	0.0012450400000000006	0.000607904	0.00037692300000000004
0.0238956	0.100143	-0.26769299999999996	0.00106519	5.00276e-05	0.000266845
0.0239102	0.11446600000000001	-0.25606799999999996	0.00189129	0.000133697	0.000266845
0.020674599999999998	0.122305	-0.25487600000000005	0.00042699400000000004	0.000133697	0.000266845
0.0168863	0.10122	-0.27224299999999996	0.00169381	0.00038838699999999997	0.00011599200000000001
0.0326593	0.118913	-0.257362	7.5948e-05	0.000346785	0.000266846
0.0378398	0.0477358	-0.40572600000000003	0.000618033	0.001004	1.0587899999999999e-22
