trans_x	trans_y	trans_z	rot_x	rot_y	rot_z
-0.00882691	-0.00625343	0.0341599	-0.000256432	-0.00102321	0.000208397
-0.00893548	-0.00446779	0.0872304	-0.0006839760000000001	-0.000993679	0.000333579
-0.00817254	0.0201892	0.0419366	-0.000257948	-0.00104557	0.000219697
-0.0183088	-0.0526904	0.105144	-0.0009633760000000001	-0.00100066	0.000307339
-0.00335562	0.0346043	0.030928300000000002	0.000123149	-0.00100066	0.000243611
-0.0183125	-0.00711706	0.08481989999999999	-0.000768236	-0.0009433989999999999	0.000270351
-0.010315800000000002	-0.0277749	0.0183332	-1.86374e-05	-0.000325571	0.00076517
-0.018317	0.08329019999999998	0.0454089	9.283889999999999e-06	-0.000738864	0.00076517
-0.0183353	-0.06459640000000001	0.0455282	0.000379434	-0.00038923699999999996	0.000765171
-0.00544488	0.09237669999999999	0.031810700000000004	0.000407426	-0.0007555259999999999	0.000765171
-0.013073300000000001	-0.0678403	0.0457153	0.000538589	-0.000144466	0.000765171
-0.0183266	0.0596472	0.010465	0.000324709	-0.000244715	0.000765171
-0.018346400000000002	-0.033201999999999995	0.0457798	-0.000169337	-0.000238038	0.00076517
-0.011035	-0.033199599999999996	-0.00432581	0.000175212	-0.00039104699999999994	0.000627673
-0.00155908	0.0603145	0.044113099999999995	-0.000492664	-0.000238038	0.00062555
-0.0183166	-0.0909066	0.00327189	0.00043183800000000004	-0.000238038	0.000574695
-0.000436835	0.101552	-0.01254	-0.00034950599999999997	-0.000687607	7.11309e-05
0.00111219	-0.06882200000000001	0.0298135	-0.000476252	-0.000610752	-0.000211913
-0.013241	0.0834048	0.0166144	-0.000434394	-0.000437703	-8.44876e-06
-0.00417308	-0.0601986	0.0431978	-0.000456755	-0.000238038	-7.07101e-05
0.00018789400000000005	-0.00698821	-0.0109894	-0.000187238	-0.000238038	-5.969310000000001e-06
0.00222224	0.0448077	0.0555564	-0.0006960810000000001	-3.41455e-05	-5.7962e-05
-0.00924257	-0.062176999999999996	0.00340745	0.000280663	0.00015652100000000001	-8.808120000000001e-05
0.017668699999999996	0.0924794	0.00507186	-0.00025573400000000003	9.241459999999999e-05	-8.808120000000001e-05
0.00458219	-0.05090669999999999	0.0242297	0.000185991	0.000306499	-8.808129999999999e-05
-0.000657047	0.0874056	0.017124	-3.93209e-05	0.000306499	-8.808129999999999e-05
0.00379222	-0.0353985	0.07212649999999997	-0.000151012	0.000306499	-0.000364865
0.00451604	0.014407	0.00399815	2.67697e-05	0.000149772	-0.00047129800000000004
0.00490206	0.029112700000000002	0.046001099999999996	-0.00010507600000000001	0.000301564	-0.00020104700000000001
0.00938025	-0.0733846	0.00398682	0.00053666	0.000431045	-8.808129999999999e-05
0.013289500000000001	0.0990109	0.0137001	0.0004748280000000001	0.000296714	-0.0004560530000000001
0.014079	-0.0969243	-0.00301819	0.00026465099999999997	0.000296714	-8.808129999999999e-05
0.012925200000000001	0.10946900000000001	0.00219484	0.00019136200000000002	0.000296714	-0.000250618
0.029286200000000002	-0.09986260000000001	0.00196193	0.00023681	0.000296714	-0.000344713
0.014968500000000001	0.0603755	0.0167452	-0.00032038	0.000296714	-8.808129999999999e-05
0.014992400000000001	-0.0493957	0.0374652	0.00023079	0.000433457	-0.0005067569999999999
0.0149649	0.0281791	-0.019746200000000002	0.00058983	0.00037286199999999995	-0.00023468599999999998
0.014977100000000004	0.00916389	0.0251305	0.000266291	0.000257471	-0.0005067569999999999
0.007357329999999999	-0.057526999999999995	-0.018017	0.00107398	0.00042749	-0.0005067569999999999
0.014952600000000003	0.120646	0.044507	0.000789691	0.000461991	-0.000677047
0.0149594	-0.0785705	0.0236141	0.00114545	0.000271486	-0.0005067569999999999
0.0149202	0.0768594	0.0371975	0.000614736	0.0007993639999999999	-0.000677047
0.0149153	-0.0624285	0.0370386	0.00107273	0.0009108569999999999	-0.0005067569999999999
-0.0125369	0.0717308	-0.0191014	0.000140192	-0.00173835	0.0006187030000000001
-0.0281389	0.00526277	0.024533000000000003	-0.000262215	-0.00161923	0.0007200269999999999
-0.012561200000000002	-0.0267053	-0.0290567	0.000140192	-0.00177481	0.000720028
-0.0308514	0.09095639999999999	0.043822900000000005	-0.000274426	-0.00182659	0.000535957
-0.030837299999999998	-0.08958399999999997	0.0008806389999999998	-0.000369542	-0.0016710000000000002	0.000548262
-0.014220600000000003	0.07596119999999999	0.07222970000000001	-0.00103487	-0.00182306	0.000445847
-0.030797900000000007	-0.100695	0.0199098	-4.96087e-05	-0.00150509	0.000326729
-0.030845099999999997	0.101136	0.0348427	-0.00023710700000000002	-0.00166096	0.000720028
-0.011185700000000002	-0.09241990000000004	0.0197282	1.97788e-05	-0.00160124	0.000523816
-0.0308517	0.0555636	-0.00305817	9.53545e-05	-0.00158076	0.000720028
-0.0150907	-0.00654732	0.0427206	-0.000192744	-0.0013593800000000005	0.0008167209999999999
-0.032019	0.009688960000000005	0.00776341	0.00036976	-0.0016643	0.000720028
-0.019302200000000002	0.0680387	0.049805800000000004	-0.00036480800000000016	-0.0013593800000000005	0.000662041
-0.0130436	-0.053482600000000005	0.022454599999999998	2.1084e-05	-0.001151	0.000720028
-0.022900999999999998	0.0896193	0.012855799999999999	-0.00015908600000000001	-0.0013593800000000005	0.000706151
-0.014725700000000001	-0.0343629	0.0411159	-0.00010590799999999999	-0.0013593800000000005	0.000909721
-0.031942	0.0161111	-0.00165475	-0.00026017200000000003	-0.00144734	0.000624798
-0.031939999999999996	-0.00901434	0.0283997	-0.000538732	-0.00126792	0.000698517
-0.00920085	0.0178614	-0.014879900000000001	-0.000373856	-0.0011739500000000006	0.00117225
-0.00598515	0.026851599999999996	0.0109556	-0.000988295	-0.00103084	0.000697448
-0.00155097	-0.0661614	-0.0385457	-0.000962556	-0.00134491	0.000577064
-0.031931799999999996	0.135892	0.019980200000000004	-0.00127722	-0.00150563	0.000676355
-0.014204499999999997	-0.0867505	-0.0205153	-0.0007804329999999998	-0.00117374	0.000634153
-0.0158447	0.12343900000000001	0.0288735	-0.00102881	-0.00113523	0.0007734019999999999
-0.019007800000000002	-0.088693	-0.00108001	-2.28257e-05	-0.000846857	0.000517988
-0.0136089	0.116024	0.0654438	-0.000926823	-0.00118988	0.000517988
-0.013043899999999999	-0.07953209999999998	0.028317400000000006	-0.00015192799999999999	-0.00118988	0.00036915699999999995
-0.00798269	0.134798	0.05608540000000002	-0.000961315	-0.00124323	0.000487167
-0.0131138	-0.08137899999999999	0.0281021	-0.000428147	-0.00118988	0.000342936
-0.017880199999999995	0.08802810000000001	0.014888	-0.000723291	-0.00128834	0.000335636
-0.0130391	-0.0356256	0.0563933	-0.0007374310000000001	-0.000884263	0.000402367
-0.00396575	0.026095599999999997	-0.010187700000000001	-0.000583999	-0.00115119	0.000470149
0.012042400000000005	0.0535339	0.0164984	-0.00109551	-0.00115119	0.000470149
-0.0158182	-0.0324849	0.0017936	-0.000788539	-0.00158734	0.000166564
-0.00925434	0.1212	0.00197453	-0.00109926	-0.00128761	0.000228273
0.000981985	-0.10057200000000001	0.0020364999999999997	-0.000485495	-0.00133663	0.00013454
-0.0202519	0.133106	0.09314589999999999	-0.0008874989999999998	-0.00183267	5.51286e-05
-0.015788299999999998	-0.0878198	0.0411022	-0.00044477300000000003	-0.00184488	5.51286e-05
-0.0157553	0.13236099999999998	0.0854592	-0.0008501610000000001	-0.00175075	0.000322347
-0.0156179	-0.10058500000000001	0.048854	-0.00041111800000000003	-0.00167923	0.00016928
-0.0187812	0.112177	0.0673129	-0.0008243649999999998	-0.00175192	0.000208663
-0.010841000000000002	-0.09504639999999999	0.0673912	-0.000545122	-0.0014415299999999995	-7.911909999999999e-05
-0.0107442	0.125274	0.079055	-0.00105445	-0.00181286	0.00011171799999999999
-0.00488692	-0.07572729999999997	0.0962056	-0.000752363	-0.00157336	0.00010036600000000001
-0.0220672	0.091685	0.06729310000000001	-0.000913556	-0.00169899	7.814989999999998e-05
-0.015119299999999999	-0.0547039	0.0941251	-0.00109093	-0.00169899	4.39945e-05
-0.00298592	0.00567243	0.00769815	-0.000759916	-0.00175786	4.39945e-05
-0.013117400000000001	0.0529226	0.0898936	-0.00111398	-0.00169899	4.39945e-05
-0.0005412759999999999	-0.06502530000000001	0.0492423	-0.00039234599999999996	-0.00169899	4.39945e-05
-0.0181956	0.0864462	0.09742560000000001	-0.0010164999999999998	-0.00178808	4.39945e-05
-0.0137645	-0.0964698	0.0634566	-0.000646221	-0.00169899	4.39945e-05
-0.011567000000000001	0.0824969	0.0831779	-0.00114539	-0.00169899	4.39945e-05
-0.00194533	-0.055575900000000004	0.08732739999999999	-0.000603265	-0.0016152	4.39945e-05
-0.00747424	0.0365719	0.025973900000000005	-0.000607254	-0.00182462	4.39945e-05
-0.016678799999999997	0.0015827999999999999	0.104192	-0.0008323639999999999	-0.00181514	4.39945e-05
-0.00861888	-0.0527308	0.0341935	-8.01737e-05	-0.0017199000000000001	4.39945e-05
-0.0167058	0.09263969999999999	0.08685119999999999	-0.0008807999999999998	-0.0017199000000000001	-0.000109492
-0.0013994	-0.0537868	0.06315750000000002	-0.000260693	-0.0017199000000000001	-0.000310509
-0.007442459999999999	0.121761	0.07777009999999998	-0.000370449	-0.00216113	-0.00019195
-0.00345953	-0.0470403	0.07997119999999999	0.00033165800000000003	-0.00174974	-0.000135407
-0.016605099999999998	0.0273529	0.027624799999999998	-5.6845e-05	-0.00193125	-0.00035162699999999997
-0.00505409	0.0607004	0.0824521	-0.0008096819999999999	-0.0023759000000000002	-0.000189675
-0.0165894	-0.07875659999999997	0.0454524	-0.000306783	-0.00193125	-0.000295115
-0.016569900000000002	0.10243800000000004	0.0950835	-0.0009021869999999999	-0.00228883	-2.5725e-05
-0.00763681	-0.124654	0.0652411	-0.00042646199999999996	-0.00193125	-0.000306975
-0.016545299999999995	0.101119	0.0977207	-0.00128663	-0.00193125	-0.000259917
0.00102094	-0.0721237	0.07508249999999997	-0.000401237	-0.00193125	-0.00047405
-0.0135207	0.0769472	0.0317044	-0.000302596	-0.00181727	-0.00029956599999999997
-0.0165676	0.0119259	0.0780678	-0.000670452	-0.00193125	-0.00047405
0.00893565	0.011992200000000001	0.0281217	0.00017988400000000006	-0.00193125	-0.00047405
-0.00895636	0.0730341	0.07659359999999997	-0.0007391969999999999	-0.00193125	-0.000401035
0.00672349	-0.0646328	0.0594544	-0.000497266	-0.0019965	-0.00047405
-0.0165676	0.10515899999999999	0.0516887	-0.0008222169999999997	-0.00193125	-0.00047405
0.00444682	-0.0502553	0.08915589999999997	-0.000782082	-0.00171621	-0.00047405
-0.00347967	0.032573000000000005	0.043563	-0.000880855	-0.0020219	-0.000909243
0.00403561	0.040001999999999996	0.10179500000000001	-0.00147975	-0.00198634	-0.000605386
0.00345473	-0.04113630000000002	0.0468823	-0.00101091	-0.00193125	-0.00047405
-0.000119517	0.08018169999999998	0.047048599999999996	-0.00157231	-0.00193125	-0.00072382
0.00385436	-0.07210169999999999	0.0698076	-0.00147835	-0.00193125	-0.000744918
-0.00338186	0.07627399999999998	0.047183300000000004	-0.00148828	-0.00214903	-0.000895045
0.00258538	-0.00960357	0.0960701	-0.00181414	-0.00193125	-0.000895045
-0.00451338	-0.0252859	0.0517962	-0.00148828	-0.00193125	-0.000895045
-0.00121449	0.0786396	0.0911816	-0.00141418	-0.00161302	-0.000895045
-0.0022894	-0.0717295	0.08931	-0.00117255	-0.00166631	-0.0007228249999999999
0.00592632	0.117225	0.09453289999999999	-0.00146938	-0.00169576	-0.000895045
0.00338716	-0.0399051	0.13097899999999998	-0.0014323	-0.00160084	-0.000895045
0.00710677	0.0371949	0.0782623	-0.0016782399999999995	-0.00202604	-0.000895045
-0.00482317	0.034725099999999995	0.129527	-0.0016782399999999995	-0.00186008	-0.000834482
0.012093600000000001	-0.0742141	0.052234800000000005	-0.00125176	-0.00165093	-0.000895046
-0.0005196	0.119526	0.0917687	-0.0011643300000000005	-0.00186008	-0.000895046
0.00155036	-0.09517919999999999	0.08383810000000001	-0.000914483	-0.00173766	-0.000895045
0.000377611	0.09503470000000004	0.08703719999999998	-0.00146036	-0.0018885999999999998	-0.000895046
0.00828877	-0.0589252	0.0960082	-0.00119161	-0.00174667	-0.000895046
0.0120385	0.039372500000000005	0.040387599999999996	-0.000790715	-0.00197201	-0.000895046
-0.016566400000000002	0.00319601	0.13443600000000006	-0.0017305	-0.00209016	-0.000895046
0.008768799999999998	-0.0174167	0.07507809999999998	-0.00100981	-0.00169062	-0.000895046
0.00034147800000000004	0.102216	0.0984941	-0.00119711	-0.00178221	-0.0006505759999999999
0.00102929	-0.07330089999999999	0.0746314	-0.000466471	-0.00169062	-0.000523515
0.00706919	0.09573980000000004	0.0643649	-0.0005459309999999999	-0.00169062	-0.000534816
-0.016627099999999995	-0.06983400000000001	0.13516700000000004	-0.00102421	-0.00176253	-0.00046265300000000004
0.000917515	0.0675801	0.07012919999999999	-0.000139822	-0.00169062	-0.000507326
-0.0187312	0.032187	0.155893	-0.00109853	-0.00183972	-0.000589414
0.00365475	-0.0623947	0.0926088	-0.000647738	-0.00169062	-0.000734006
-0.011672900000000005	0.101522	0.100147	-0.00110212	-0.00169062	-0.000625219
-0.00450192	-0.0470132	0.114454	-0.0008422439999999999	-0.00134946	-0.000646729
0.00817379	0.036507	0.06776360000000001	-0.000621893	-0.00157375	-0.0005516540000000001
0.00025053200000000003	0.019043900000000002	0.141725	-0.00167928	-0.00160075	-0.000895046
0.0121104	-0.0525362	0.11866800000000001	-0.00119829	-0.00154044	-0.0007004169999999999
-0.00471202	0.09742650000000004	0.135166	-0.00132671	-0.00173078	-0.000895046
-0.000239875	-0.0972913	0.173745	-0.00160738	-0.00154044	-0.000825951
0.00770512	0.044599400000000004	0.10662	-0.00123357	-0.00154044	-0.000895046
0.00439986	0.0199859	0.174315	-0.00120417	-0.00141762	-0.000895046
-0.00677174	-0.0431893	0.102675	-0.000478261	-0.00106384	-0.000895046
0.014144299999999999	0.09131139999999999	0.114123	-0.00047616	-0.00110533	-0.000625767
0.00902937	-0.0326101	0.156127	-0.000616615	-0.000995994	-0.000895046
0.0009182260000000001	0.0706325	0.106016	-0.000548003	-0.0012908100000000005	-0.000895046
0.0119068	0.0309327	0.137546	-0.0008492269999999999	-0.0012908100000000005	-0.000952197
0.00802209	-0.0371817	0.103735	-0.00088228	-0.00136741	-0.000994629
-0.008086249999999998	0.105795	0.126815	-0.00119347	-0.00152324	-0.000828645
0.00759123	-0.0976062	0.126886	-0.00127266	-0.00123866	-0.0007446289999999999
0.0111916	0.0937604	0.102817	-0.001497	-0.0016227999999999998	-0.0007446289999999999
0.00018626	-0.0653058	0.13938	-0.00159143	-0.00164276	-0.00117897
0.010104700000000001	0.0527592	0.09317470000000004	-0.0017656	-0.0017647000000000001	-0.00117897
0.00106153	-0.018547499999999998	0.14469	-0.0016444299999999995	-0.0016530000000000002	-0.00117897
0.00635654	-0.008076599999999998	0.0799	-0.00139408	-0.00157056	-0.00117897
0.008794100000000001	0.060297199999999995	0.18873399999999999	-0.00182195	-0.00159654	-0.00117897
0.00541744	-0.0441988	0.113249	-0.00144283	-0.0014683	-0.00112391
0.000551381	0.0809635	0.162409	-0.00213942	-0.00164246	-0.00117897
0.0113796	-0.0619086	0.142733	-0.0017994	-0.0012908100000000005	-0.00117897
0.015039600000000004	0.114973	0.11538599999999999	-0.00137897	-0.00131237	-0.00117897
0.0110464	-0.0460741	0.142019	-0.0016855000000000001	-0.00151926	-0.00117897
0.0161858	0.07968099999999999	0.10931500000000001	-0.00156244	-0.00127774	-0.00107864
0.00325908	-0.029846699999999997	0.171666	-0.00187728	-0.00134944	-0.00117897
0.0217847	0.0186308	0.08106100000000001	-0.00176076	-0.00129094	-0.00117897
0.008461599999999998	0.0258638	0.133684	-0.00212715	-0.00156493	-0.00117897
-0.017950599999999997	-0.08673919999999999	-0.09472439999999999	0.000560433	-0.000933622	0.000604281
