trans_x	trans_y	trans_z	rot_x	rot_y	rot_z
0.00685534	-3.63717e-05	-0.043495	0.000565421	0.000601401	5.29396e-23
0.00941703	0.021037599999999997	-0.0432177	0.000263643	0.000545026	0.00011494600000000001
2.8639200000000002e-05	-0.00362488	-0.0271721	0.000263643	0.000450095	0.0
4.1918599999999995e-05	-0.024435	-0.027174700000000003	0.00019927900000000001	0.00065163	0.0
0.0222481	-0.00557954	-0.0684455	0.000263644	0.00065163	0.0
0.0122695	-0.00559909	-0.0493084	0.000629376	0.00033298599999999996	0.0
-0.0031772	0.0170605	-0.024378599999999997	0.000263644	0.000371029	0.0
0.0106461	-0.017524	-0.0460668	0.000263644	0.00065163	0.0
0.014635399999999996	-0.0139254	-0.054729999999999994	0.00039293	0.000193014	0.00014229
0.010662799999999998	-0.0139202	-0.007655259999999999	0.000263644	6.67177e-05	-2.8761999999999997e-05
0.0106648	-0.0139107	-0.0326731	-4.78739e-05	0.000141452	-0.00011463200000000001
-0.00752515	-0.041013	-0.044947	2.60285e-05	0.000141452	-2.8761999999999997e-05
0.0106629	0.011596700000000001	-0.00809426	0.000135929	-0.00012069799999999999	-2.8761999999999997e-05
0.013572	0.0138381	-0.00615387	-0.000170558	-2.32095e-05	-2.8761999999999997e-05
-0.00198459	-0.0328883	-0.0125941	0.00023277400000000002	-0.000158709	-2.8761999999999997e-05
0.0106693	0.00458979	-0.00360603	0.000253828	-8.86619e-05	-0.00013465799999999998
0.00466447	0.00715262	-0.0137339	0.000271273	-0.000291433	-2.8761999999999997e-05
0.0106709	-0.00523768	-0.03730630000000002	6.795850000000001e-05	7.54275e-05	-2.8761999999999997e-05
0.00545009	0.019648500000000003	0.008331609999999998	0.000364438	4.32202e-05	-9.520430000000004e-05
0.010656100000000002	0.030530900000000007	0.011581000000000001	-9.44992e-05	-0.000125387	-2.87621e-05
0.00324675	-0.00253467	0.00286291	-9.44992e-05	7.78846e-05	-2.87621e-05
0.010658299999999999	-0.0263137	0.00173955	0.00012313	2.26225e-05	-2.87621e-05
0.0224391	0.00128245	-0.00354671	-9.44992e-05	-0.000153063	-2.87621e-05
0.0106472	-0.00469279	0.000713388	-9.44992e-05	-1.14881e-05	-2.87621e-05
0.0106402	-0.018530599999999998	0.018013399999999995	0.000212458	-9.904890000000003e-06	-2.87621e-05
0.010632299999999999	0.00130517	0.026760200000000005	0.00021066099999999998	0.000194983	-0.00020251099999999997
0.010659100000000001	-0.014430700000000001	0.00972057	1.51768e-05	-0.000257583	-2.87621e-05
0.00680145	0.0169282	-0.014903200000000004	-0.000131824	0.000199037	-2.87621e-05
0.010652600000000002	0.0159468	0.028656	-2.7173899999999997e-05	-0.000221786	-2.87621e-05
0.0106376	0.0211471	0.048664599999999995	-0.000132654	-4.2068300000000005e-06	-0.00014704600000000001
0.0106544	-0.00379093	0.017478999999999998	-0.000259727	0.000159837	-2.87621e-05
-0.00665381	-0.0131108	0.010193299999999999	2.40181e-05	-0.00039038800000000003	-2.87621e-05
0.00266911	-0.0131047	0.020475599999999997	-9.740870000000001e-05	-0.000274484	-2.87621e-05
0.010665899999999999	0.012392799999999999	-0.00470266	-5.96479e-05	-9.604299999999999e-05	-2.87621e-05
0.010653900000000001	0.0124023	0.012890899999999999	0.000323077	-8.53552e-05	-0.000127371
0.010653399999999999	0.0306407	0.025704	6.94013e-05	-0.000272947	-0.00010067799999999999
0.010651899999999999	-0.015094899999999996	0.0084904	-7.05266e-05	0.000100784	-2.87621e-05
0.012862799999999999	-0.015089600000000003	0.0243285	0.00010408700000000001	8.495969999999999e-05	-2.87621e-05
0.00617331	0.015064099999999999	0.0319375	0.000251341	-0.00045925699999999997	-0.000101082
0.0040104	0.0150403	0.0369333	-0.00011718799999999999	-0.000172778	-2.87621e-05
-0.00237819	-0.025268000000000002	0.0304603	0.000282632	-0.00045925699999999997	-2.87621e-05
0.000326133	0.00222036	0.0630258	7.48593e-05	-0.00045925699999999997	-2.87621e-05
0.0107374	0.0246402	0.052161	0.000233025	-0.000321029	-2.87621e-05
0.0107481	-0.0237454	0.026075	7.48593e-05	-0.00045925699999999997	-2.87621e-05
-0.00581299	-0.00719798	0.0801157	0.000310919	-0.000333089	-2.87621e-05
0.0107481	0.0105639	0.07008560000000001	0.000128786	-0.00045925699999999997	-2.87621e-05
0.033526099999999996	0.0105613	0.0652446	7.48593e-05	-0.000334415	-2.87621e-05
0.0262914	-0.009053100000000001	0.039267699999999996	0.00031942	-0.000517696	-0.00015842799999999998
0.0118706	0.0105428	0.0484786	6.3065e-05	-0.00037155	-2.87621e-05
0.0283822	-0.00663212	0.0337703	-0.000211945	-0.00045925699999999997	-0.000104643
0.0153727	-0.013689400000000001	0.0191723	2.40403e-05	-0.00045925699999999997	-2.87621e-05
0.006074800000000001	-0.023355599999999997	0.06770839999999999	0.000715676	-0.00045925699999999997	-2.87621e-05
0.013246899999999999	0.013522399999999999	0.065947	0.00014994	-0.00045925699999999997	-0.000442661
0.013263999999999998	0.00445035	0.058510800000000016	0.00024853	-0.00045925699999999997	-0.000182223
-0.00591145	-0.024738200000000002	0.0783495	0.000215131	-0.0006562139999999999	-0.000140718
-0.00531151	0.0062482	0.09257000000000004	0.000123072	-0.00045925699999999997	-2.87621e-05
-0.000508337	-0.0225179	0.050413199999999984	0.000440884	-0.00045925699999999997	-0.0001789
-0.0026583	-0.022485599999999998	0.05670040000000001	0.000579106	-0.00045925699999999997	-0.000264874
-0.00998003	0.013531799999999998	0.07343579999999998	0.000558116	-0.000350695	-0.00045760800000000003
-0.017291	0.0165023	0.0408791	-0.000228283	-0.00045925699999999997	-0.000159321
0.00565389	0.00514992	0.0561082	0.0006569	-0.000226885	-0.000339979
0.00569319	0.0392132	0.061950599999999995	0.000440185	-0.00045925699999999997	-8.631889999999999e-05
0.00574165	0.00444886	0.0131239	-0.00031361	-2.90446e-05	0.000176999
0.0170917	-0.00269693	0.05315	0.00036008800000000005	-0.00045925699999999997	-5.49044e-06
0.00582736	0.013319200000000002	0.0561515	0.00034156400000000004	-0.00045925699999999997	0.000192366
0.0159847	-0.0269711	0.0255842	0.000370657	-0.00045925699999999997	0.000192366
0.00918844	-0.006599	0.044317800000000004	0.000503336	-0.00045925699999999997	-0.00038919800000000016
0.008104949999999998	0.00469679	0.0443202	0.000300319	-0.00040065900000000004	-0.000326535
0.00213832	-0.030385900000000007	0.0405771	0.0005628990000000001	-0.00045925699999999997	-0.000326535
-0.0035443000000000007	-0.00399056	0.07769019999999999	0.000503336	-0.000903267	-0.000326535
0.00203929	0.00845297	0.06698539999999999	0.00020571900000000001	-0.000601099	-0.000326535
0.010281	-0.0297694	0.0699263	0.000503336	-0.000560222	-0.00027609
0.010285700000000002	0.0118451	0.0864641	0.000503336	-0.0006494690000000001	-0.000578359
0.0102781	0.0181177	0.054909400000000004	0.000596659	-0.000575668	-0.000326535
-0.00536175	-0.00656188	0.0242952	0.000503336	-0.00045925699999999997	-0.000326535
-0.00399967	-0.00318094	0.05403430000000002	0.0006294919999999999	-0.000527648	-0.000326535
0.00286437	0.0148214	0.0634641	0.00010714600000000001	-0.00045925699999999997	-0.000326535
0.00707576	0.00632903	0.0128257	0.00019946700000000002	-0.0006295469999999999	-0.000326536
0.010258499999999999	-0.0102554	0.038620800000000004	0.000498112	-0.00045925699999999997	-0.00021236
-0.00102288	0.0429825	0.050277300000000004	0.00019946700000000002	-0.000772533	-0.000326536
0.00894314	-0.00282138	0.0386329	0.000339702	-0.000530902	-0.000299599
0.008991189999999998	-0.00828105	0.0486985	0.00042147800000000003	-0.000842685	-0.000307099
0.00900543	-0.00388726	0.0584304	0.000158247	-0.0009262439999999999	-0.000399941
0.00611926	-0.0163692	0.0419064	7.424779999999997e-05	-0.0009262439999999999	-0.000399941
-0.00709276	-0.0422711	0.00910689	0.0005362030000000001	-0.0010049	-0.00045768800000000004
-0.00699507	0.00586842	0.0525815	0.000435012	-0.0009262439999999999	-0.000510587
-0.0045353	-0.011755700000000001	0.0330615	0.00015518	-0.000926245	-0.000494701
-0.00315265	-0.0408029	0.0263827	0.000573872	-0.000926245	-0.00039224800000000004
-0.00433255	0.013303400000000005	0.013942600000000001	0.000324733	-0.00112791	-0.000345445
0.017269699999999995	0.0109561	-0.0801322	-0.000163309	0.00109283	0.000489453
0.00175084	-0.014688	-0.0801375	0.000259036	0.00118592	0.000483335
0.0128579	0.037034	-0.050812199999999995	-0.000308718	0.00109447	0.000383276
0.00401216	-0.026002299999999996	-0.061767099999999985	-0.000367576	0.00126006	0.00034963
0.0123413	-0.00490958	-0.0882839	0.000175043	0.00109447	0.00041160800000000016
0.0209296	0.0346056	-0.056923800000000004	6.506510000000001e-05	0.000950872	0.000436609
0.0226872	0.014103200000000001	-0.0714464	-0.000308718	0.00109447	0.000296802
0.00400354	-0.015495600000000003	-0.08258949999999997	-0.000308718	0.00109447	0.000524161
0.00400143	0.0103463	-0.0714543	0.000122917	0.000777118	0.000374659
0.00400547	0.017824200000000002	-0.0714489	-0.000373384	0.00109447	-3.31845e-05
0.0148109	-0.0180873	-0.0968512	-4.48804e-05	0.00071659	0.000406525
0.0170581	0.0222619	-0.100375	-6.64104e-05	0.00103715	0.000392424
0.0119379	0.00484182	-0.104439	-0.00038706099999999996	0.000888298	0.00048055099999999996
0.011677799999999999	0.00482767	-0.108822	-2.46418e-05	0.00109447	0.000582111
0.020664	0.0048192	-0.09068999999999999	-6.87947e-05	0.000987248	0.000480556
0.0149612	0.0406666	-0.0906561	-0.00047488099999999997	0.00109447	0.00045462300000000003
0.0189721	0.00923718	-0.10821199999999999	-2.21899e-05	0.000982323	0.000647174
0.0189333	0.0337457	-0.0906548	-9.397799999999999e-05	0.00109447	0.000435102
0.0160076	0.0237239	-0.07511699999999999	-0.00039099800000000004	0.0009403739999999999	0.0005468319999999999
0.023337200000000002	-0.013744799999999998	-0.0966028	-0.000508082	0.000759163	0.00059106
0.0143857	0.0023826	-0.08224439999999998	-0.000508082	0.0007123489999999999	0.0006929939999999999
0.0211429	0.017567	-0.07020760000000001	-0.000508082	0.0007607919999999999	0.000339361
-0.00136562	0.016693699999999995	-0.0639813	-0.000508082	0.00109447	0.00038694
0.0193175	-0.00752479	-0.089121	-0.000508082	0.00109447	0.000364422
0.00555482	0.02713	-0.07206659999999998	-0.00033400300000000003	0.0005680230000000001	0.000366603
0.00884391	0.0452951	-0.0347865	-0.000651558	0.00109447	0.000622925
-0.00865574	-0.0543308	-0.0581201	0.00022020400000000002	0.000600915	0.0008552879999999997
0.0161771	0.000515475	-0.0993686	0.000981769	0.00109447	0.000683157
0.014937	0.016108400000000002	-0.102524	0.0009079820000000002	0.00109447	0.000622294
0.026538299999999997	0.0161197	-0.11366	0.000613985	0.0008874760000000002	0.0008269389999999997
0.0265516	-0.0151114	-0.101729	0.00044818	0.00109447	0.000622294
0.0265426	0.036326800000000006	-0.08580360000000001	0.000705325	0.000655935	0.000622294
0.021567199999999998	0.00139934	-0.08453989999999999	0.00067434	0.000567072	0.000796171
0.0265343	-0.0207573	-0.101944	0.00056981	0.000640057	0.00083568
0.026547900000000003	-0.00197112	-0.08835959999999997	0.0007538729999999997	0.0005709490000000001	0.000752666
0.013716999999999998	1.14812e-05	-0.06462799999999999	0.000919895	0.0005709490000000001	0.000957663
0.0265375	-0.0250011	-0.0954223	0.00067434	0.00048369699999999995	0.0007359349999999997
0.0265381	-0.008392999999999998	-0.09540610000000001	0.00102422	0.000389136	0.000675258
0.026503	-0.00840481	-0.108752	0.0007306289999999999	0.00022798599999999998	0.00114262
0.0122029	-0.022919400000000003	-0.133903	-0.000108049	0.000153983	0.0007161110000000001
0.023638	-0.008373149999999998	-0.109025	0.00022359799999999998	0.000153983	0.00104569
0.0217934	-0.00837414	-0.11286099999999999	0.000653704	0.000153983	0.0009457360000000001
0.0236894	0.0124156	-0.110793	0.0007573069999999999	0.000153983	0.000622293
0.017105900000000004	0.0124223	-0.139846	0.00041723	0.000901243	0.00106541
0.026611700000000002	0.036973900000000004	-0.0735235	0.000844146	0.000901243	0.000622294
0.0149829	0.034884399999999996	-0.0709428	0.00021900200000000002	0.000834862	0.000622294
0.00723854	-0.00695293	-0.119876	0.000603714	0.000901243	0.000622294
0.013965200000000002	0.0254072	-0.0528268	0.000603714	0.000901243	0.000622294
0.0239428	0.0206835	-0.0582181	0.000603714	0.000460415	0.0005615819999999999
0.023998	-0.00114503	-0.113793	0.000907033	0.0006153409999999999	0.0007404459999999999
0.0240025	-0.00306018	-0.0376846	0.0011650600000000005	0.00042756099999999997	0.000622294
0.00534905	0.00803475	-0.021633199999999998	0.0010909000000000001	0.00043531900000000004	0.000688536
0.0240188	-0.0331478	-0.00042842199999999997	0.00133696	0.000197653	0.000622294
0.024004400000000002	-0.025774000000000002	-0.0343134	0.00210646	0.0006153409999999999	0.000382959
0.00550913	0.024642700000000003	-0.035403199999999996	-0.000973244	0.0007868149999999997	-0.00014089299999999998
-0.00832393	0.0305682	-0.0218299	-0.0008607899999999997	0.00108955	8.08516e-05
0.030779200000000007	0.000519997	-0.0172442	-0.000484958	0.00128351	-0.00014089299999999998
-0.00560339	0.041245	-0.021768	-0.0005136240000000001	0.0009685119999999999	-4.57483e-05
0.0118431	0.030598900000000002	-0.032791	-0.000732663	0.0011316	0.000166965
0.0141327	0.00950798	-0.0462195	-0.000662475	0.000988959	2.04396e-07
0.00766375	0.0244185	-0.0217689	-0.00039982	0.0009364489999999999	-1.1978200000000005e-05
0.0118744	0.00533408	-0.0322382	-0.000662475	0.0007487939999999999	0.00010473200000000004
0.000630312	0.009585560000000005	-0.0371605	-0.000662475	0.000841959	1.64544e-05
0.008395349999999998	-0.00925733	-0.061324699999999996	-0.000589091	0.000564348	1.94357e-05
0.0118928	0.0249596	-0.0218005	-0.000662475	0.0005328209999999999	3.17807e-05
-0.00554755	-0.021321400000000004	-0.0217975	-0.000662475	0.0006651760000000001	-0.00010109
0.00748329	-0.0167932	-0.0627626	-0.000662475	0.0007672439999999999	1.2378400000000005e-05
0.0118916	-0.016794799999999995	-0.049250800000000004	-0.000490213	0.000505924	0.000185075
0.014436500000000001	0.022530599999999998	-0.0372944	-0.000596477	0.000679558	0.000137682
0.020255099999999998	-0.0357794	-0.054711699999999995	2.6953099999999998e-05	0.000864194	0.0003096
0.032022300000000004	0.008194	-0.0269298	0.000373461	0.000808997	3.25663e-05
-0.00202028	0.0200152	-0.0205924	-5.12715e-05	0.0008309169999999999	0.0003096
0.0210605	0.008173919999999998	-0.0265625	-0.000134172	0.00122152	0.000159185
-0.00185004	0.0193274	0.0071244	-5.12715e-05	0.00123452	-9.224270000000001e-05
0.00992758	0.0391963	-0.00497236	-0.00043230199999999997	0.00152227	-3.62997e-05
0.014977899999999999	0.000456135	-0.0104838	-0.00016003	0.0011827	6.57255e-05
0.0172612	-0.022975	-0.00739669	0.00044344699999999997	0.00103224	5.32732e-05
0.00156866	0.00622148	0.00241076	0.000331545	0.00107558	0.0003096
0.024418900000000004	-0.0316811	-0.0209834	-5.12715e-05	0.00106562	0.000155595
0.024434900000000002	-0.0115683	-0.012585500000000001	0.00039479099999999997	0.0009308999999999999	-2.2104400000000003e-06
0.0121305	-0.0115658	0.00280075	0.00041888699999999995	0.0007842939999999999	-0.00010507800000000004
-0.00560922	0.0208452	0.013525200000000001	0.00043339400000000003	0.00106651	-0.00010507800000000004
0.014035800000000001	-0.00462484	0.00165001	0.000274557	0.00117268	-0.00010507800000000004
0.0140632	-0.00929766	0.030677499999999996	0.00037111	0.0008300249999999998	-0.00010507800000000004
0.00506298	-0.00984936	0.052958500000000006	0.00114525	0.00117268	-0.00026023
-0.0047406	-0.00190777	0.027506799999999998	0.00105901	0.00117268	-0.00017250599999999998
0.00595832	0.00943134	0.0119208	0.0012472500000000005	0.00117268	-0.00010507800000000004
0.00408704	-0.00414433	0.0278668	0.00130921	0.00117268	-0.000250946
0.014025399999999999	0.0413035	-0.036990499999999996	9.60323e-05	0.0019512999999999998	-0.00010507800000000004
0.00994178	-0.0889718	0.0273851	0.00130068	0.0017483000000000002	-0.00059292
