trans_x	trans_y	trans_z	rot_x	rot_y	rot_z
0.021987599999999996	0.12368499999999999	-0.09982220000000004	-0.00039562099999999997	0.00158117	-0.000211318
0.0205855	0.0519134	0.0304849	-0.0008104619999999999	0.00142544	0.0
0.0406242	0.20078900000000002	-0.0181232	-0.000966651	0.00142223	0.0
0.0243583	0.11965999999999999	-0.015887799999999997	8.8606e-05	0.00150367	-8.47308e-05
0.0465914	0.06705069999999999	0.0121863	-0.000983339	0.00142005	0.0
0.0519539	0.26466100000000004	-0.0965302	-0.00188712	0.00142005	-0.000286991
0.0100406	-0.0201487	0.00127673	-0.000876368	0.00127902	-0.00012008
0.043945599999999994	0.2389260000000001	-0.089857	-0.00111177	0.00103817	-0.00031638099999999996
0.0244295	0.0317732	-0.00354518	-0.000568067	0.00074456	-1.5881899999999996e-22
0.0308672	0.11611500000000001	-0.0289426	-0.000755515	0.0007938919999999999	0.0
0.0431536	0.160452	-0.08279450000000001	-0.0008368160000000001	0.0008946629999999998	-0.000152759
0.00688559	-0.00270726	0.03426869999999998	-0.00056107	0.0007689	-5.29396e-23
0.0551327	0.270131	-0.128099	-0.00192852	0.00116744	-0.000243474
0.00557471	0.0281413	-0.030024799999999997	-0.0010457	0.0009423680000000001	0.0
0.06302819999999999	0.125411	-0.11563599999999999	-0.00160273	0.0009096620000000002	-4.2351599999999996e-22
0.0214058	0.115526	-0.00248953	-0.00033944300000000004	0.0005358580000000001	7.47299e-05
0.0442702	0.0719789	-0.07465219999999999	-0.0012288	0.00077256	-0.00024077200000000002
0.024171	0.222183	-0.0865562	-0.000987568	0.00031926599999999996	2.99687e-05
0.0241563	-0.0367142	-0.0034959	-0.00118688	0.000452435	-0.000444083
0.0241144	0.266761	-0.13103399999999998	-0.00104026	0.000238042	-0.00029455700000000003
0.0012672	0.00621298	0.019840299999999998	2.5811700000000002e-05	0.000164635	-0.000178276
0.037899	0.177025	-0.10063	-0.000890808	0.000317744	-2.54352e-05
0.0265399	0.128853	-0.104145	-0.000103328	-0.00011353700000000001	-0.00034283
0.0201763	0.00724012	0.0487536	-5.8090699999999996e-05	-0.00019193700000000002	-0.000342831
0.0201253	0.271425	-0.11918	-0.000469687	-0.00023764900000000001	-0.000112336
0.00143102	-0.044027699999999996	-0.0022123	-0.000139608	0.000311774	0.000155761
0.0647351	0.190636	-0.084719	-0.0006615169999999999	0.000333146	-0.000298638
-0.00504296	0.10853	-0.0968205	-3.5330399999999996e-05	-0.00019622599999999997	-0.000254768
0.054255899999999996	0.00580066	-0.0335769	-0.000614839	0.000202587	-0.0006216559999999999
0.0360717	0.249406	-0.188976	-0.0006723780000000001	-7.759550000000001e-06	-0.00030697900000000003
-0.0119446	-0.026719200000000002	-0.0290659	-0.00109095	1.17569e-06	-0.000700176
0.0325402	0.240407	-0.164187	-0.00109709	-7.77069e-05	-0.000412166
-0.01141	0.045974	-0.141132	0.00018711900000000002	-0.000298567	-0.000346935
0.0228978	0.06642239999999999	-0.016094999999999998	0.000358928	-0.000168176	-0.000573853
0.00662624	0.23909	-0.136311	0.00147687	-0.0007811360000000001	-0.000316002
0.0174316	-0.029870400000000002	-0.025789599999999996	-0.00185045	0.00240974	-0.00012447899999999999
0.052468499999999994	0.27769299999999997	-0.22839600000000002	0.0007854960000000001	-0.000458831	-0.000416755
0.0106496	0.018811900000000003	-0.136185	0.00125684	-0.000292537	-7.887689999999999e-05
0.0305524	0.0860554	-0.08360009999999997	0.000587936	-3.12836e-05	-0.000230425
0.032338099999999995	0.21891999999999998	-0.158908	0.00055374	-0.00013858700000000002	-3.12275e-06
0.010730300000000002	-0.0350995	-0.0673303	0.00160397	-0.00029718	0.000132676
0.06304109999999999	0.22890500000000005	-0.19517	0.00041179300000000003	-3.66963e-05	-0.000140767
0.00302366	0.011343700000000002	-0.102269	2.608e-05	7.988239999999999e-05	-0.00046278
0.068427	0.06987280000000001	-0.152361	-6.95966e-05	-4.8297700000000003e-05	-0.000270534
0.00245164	0.21441300000000002	-0.163601	0.000710305	-0.000759626	0.000131082
0.0132445	-0.007409159999999999	0.026419400000000003	-0.00108597	0.00237801	-0.0007223019999999998
0.061209300000000015	0.275969	-0.112441	-0.00157366	0.00161025	-0.000653972
0.0123878	0.0459925	-0.0722613	-0.000680892	0.00104745	-0.0003147
0.037450300000000006	0.0808481	0.00295173	0.000160688	0.00140742	-0.000675681
0.0413394	0.24679099999999998	-0.0702724	0.000719508	0.000650889	-0.000289593
0.0122006	-0.059474400000000004	0.041982	0.000768943	0.000714441	0.00011151100000000001
0.071906	0.29862	-0.0844542	-0.00020067299999999998	0.00040021400000000003	-0.00036441699999999996
-0.00478495	-0.036698	0.048551699999999996	0.00144567	0.000396841	-0.000389233
0.054804700000000005	0.171253	-0.0527413	0.000588146	0.000455086	-0.00050707
-0.00142473	0.0927955	-0.06493110000000002	0.00193414	0.00019812	-0.000827175
0.0203668	0.041830400000000004	-0.00780487	-0.00202821	0.00212168	-0.000390469
-0.00030168700000000003	0.264071	-0.154495	0.0026188	0.00107173	0.00012670300000000004
0.0679462	-0.0506608	0.0365241	-0.00425618	0.00153049	-0.0006858560000000001
0.051609	0.18196099999999998	-0.285102	0.00119152	0.000250737	-0.000583022
0.00055824	0.11021500000000001	0.0292058	-0.000637025	0.00072965	4.96128e-05
0.0595067	0.052147900000000004	0.0896166	-0.00104639	0.00094747	0.000102375
0.0340813	0.252262	-0.035340699999999996	-0.0007814569999999999	0.0008526039999999998	0.000102375
0.0341226	-0.010756700000000001	0.101966	6.0371099999999995e-05	0.000504792	0.000102375
0.052332500000000004	0.21431599999999998	0.0061875	-0.000710567	0.00122113	0.000102375
0.034154699999999996	0.12170299999999999	0.0254511	-0.000137043	0.0007754409999999998	0.000102375
0.05589630000000001	0.106629	0.0255903	-0.00082016	0.00134498	0.000102375
0.034125800000000005	0.2103	-0.02043	-0.0006904719999999999	0.000615079	0.000102375
0.034058099999999994	-0.00870283	0.050050800000000006	-7.520459999999998e-05	0.0011209000000000002	0.000780958
0.0634571	0.255905	-0.034094	-0.000882671	0.000734197	-0.000136291
0.0163125	-0.0314997	0.0673187	0.000521721	0.000912496	0.000102375
0.0605863	0.200482	-0.0271431	-0.00145756	0.0008286339999999998	-3.26904e-05
0.026856599999999998	0.101878	0.015917299999999995	0.000486129	0.0009886539999999998	0.000102375
0.0268085	0.057540499999999994	0.062077999999999994	-0.000382024	0.00105149	0.000102375
0.05273330000000001	0.260522	-0.00383187	-0.0005234969999999999	0.000668195	4.05424e-05
0.031941500000000005	-0.0573634	0.080489	-0.000338934	0.000913748	0.000102375
0.0434674	0.292923	-0.035589499999999996	-0.00099072	0.0011992000000000005	-0.00030152
0.0268889	-0.0424277	0.10018200000000001	0.000277107	0.000981767	-0.000121178
0.054523300000000004	0.232408	-0.00550318	-0.0012467200000000006	0.0010653	-0.000319096
0.0270707	0.0952085	0.0126191	-0.000312661	0.000785298	5.0926499999999994e-05
0.0429381	0.0793958	0.06861289999999999	-0.000517445	0.00135284	-0.00019407900000000002
0.043559	0.256056	-0.026877699999999997	-0.000474178	0.0009522170000000002	-0.00019407900000000002
0.027054400000000003	-0.019142	0.104644	0.0005158130000000001	0.00126485	0.000145971
0.0364871	0.257265	-0.337136	-0.0007507519999999999	0.00139088	-0.00095433
0.0108679	0.0397955	0.08103880000000001	-0.00129849	0.00117039	-0.000140198
0.0546742	0.0795108	0.060762000000000004	-0.0008871819999999998	0.00100898	-0.000244653
0.0239345	0.22077	-0.00323265	-0.00020046200000000002	0.000410485	-0.000171123
0.0370765	-0.0384467	0.100159	0.000200177	0.00110399	5.68784e-05
0.042354699999999995	0.270109	0.008896849999999998	-0.00042302	0.00110399	-0.000314
-0.0111356	0.031479	0.07426589999999998	-0.000891435	0.00233399	-0.00015931799999999998
0.127503	0.142869	0.016795400000000002	-0.00203855	0.00182043	-0.00046181
-0.004654	0.185943	0.0212193	-0.00148657	0.00156275	-0.0007081739999999999
0.0496728	0.0180892	0.0769687	-0.00147589	0.00167004	-0.0007081739999999999
0.0396564	0.261806	-0.0143312	-0.00185094	0.00167004	-0.0007081739999999999
0.026905099999999998	0.0239383	0.0770416	-0.0011635	0.00184947	-0.0007081739999999999
0.039885199999999996	0.231094	-0.039698199999999996	-0.00223781	0.00186815	-0.0007081739999999999
0.013814600000000002	0.10400899999999999	0.036125	-0.00160833	0.00174405	-0.0007081739999999999
0.043107400000000004	0.12433	-0.00580531	-0.00199753	0.00187954	-0.0007081739999999999
0.0138515	0.21830700000000008	0.0111021	-0.00235593	0.0016752	-0.0007081739999999999
0.0402355	-0.00322382	0.0790005	-0.00135851	0.00162397	-0.0007081739999999999
0.0362365	0.295325	-0.0334028	-0.00257367	0.00171381	-0.000762911
0.0173354	-0.0141197	0.06907100000000001	-0.00204927	0.00186351	-0.000497324
0.055666499999999994	0.192321	-0.291639	0.000340829	0.000872288	-0.0009364289999999999
0.0139321	0.0661697	-0.194622	0.00023402200000000002	0.00042310800000000016	-0.0009364289999999999
0.032585400000000014	0.08754109999999997	-0.22282600000000002	-9.894899999999999e-05	0.00065193	-0.0008027289999999999
0.0036109000000000002	0.191825	-0.248531	5.36284e-05	0.000299412	-0.000561387
0.0139252	-0.0197114	-0.15954300000000002	0.000704075	0.000772102	-0.0009364289999999999
0.022205799999999998	0.233434	-0.253287	-0.00021359099999999998	0.0007201210000000001	-0.0009364289999999999
0.0060119	-0.007239589999999998	-0.136122	0.000701813	0.00072012	-0.0009364289999999999
0.0407075	0.216696	-0.283823	-0.000708075	0.00132573	-0.0009364289999999999
-0.00628668	0.119394	-0.266948	-0.00047066699999999997	0.0007694759999999997	-0.000401476
0.030645099999999998	0.011550399999999999	-0.221108	-0.0008104469999999997	0.000942872	-0.0007046210000000001
0.013559700000000001	0.269467	-0.323439	-0.00106976	0.000725371	-0.00058123
0.008061759999999998	-0.035840699999999996	-0.19768	-0.000161409	0.000617034	-0.000513593
0.0346538	0.209358	-0.28591500000000003	-0.000482858	0.000725371	-0.000513593
-0.00443495	0.08132400000000001	-0.233033	-0.000679728	0.000795676	-0.000914456
0.051198900000000006	0.018169099999999997	-0.290365	-0.000147274	0.00032927300000000004	-0.00121853
0.00792771	0.21084699999999998	-0.32203000000000004	-0.000490732	0.000285692	-0.0011324000000000002
-0.00114595	-0.0186395	-0.185892	0.000694576	0.000208641	-0.00104824
0.0163522	0.2013	-0.329896	0.000336074	0.0007468339999999999	-0.000922524
0.008000399999999998	0.048009300000000005	-0.257248	0.00128643	0.0008833119999999998	-0.000628524
0.0305846	0.0914891	-0.254739	0.0012511000000000006	0.000511453	-0.0008445939999999999
-0.000534586	0.187666	-0.21297600000000005	0.000711924	6.34452e-06	-0.0008445939999999999
0.0332127	-0.0201141	-0.058769900000000014	-0.00163214	0.00141573	-9.50115e-05
0.0329857	0.28117	-0.119447	-0.000914625	0.0008284119999999999	-0.000117344
0.0330246	-0.0266635	-0.0780073	-0.0010391100000000002	0.00136747	5.91699e-05
0.0384827	0.262332	-0.159807	-0.00117414	0.00106341	-0.00045681599999999997
0.0113618	-0.015831	-0.0717183	-0.000547516	0.00112833	-0.000257608
0.0577133	0.17084100000000002	-0.145542	-0.0008587729999999997	0.00113821	-0.000427145
0.0176239	0.07692319999999997	-0.0909817	8.907799999999999e-05	0.00108467	-0.000427145
0.042375300000000005	0.06601760000000001	-0.117927	-0.0006519809999999999	0.00121456	-0.000427145
0.024891	0.23671	-0.14725	-0.000360265	0.00133752	-0.000495425
0.0283496	-0.0306753	-0.109016	-0.00130702	0.00162095	-0.000122716
0.0345039	0.270936	-0.165987	-0.00200251	0.0010837	-0.000326821
0.0305184	-0.0648221	-0.0450079	0.000194605	0.00019481700000000002	-0.000610042
0.0353773	0.24003000000000002	-0.195895	-0.00162743	0.0008558959999999997	-0.000610042
0.00489845	0.0381151	-0.12086500000000001	-0.00059226	0.000883036	-0.000444758
0.035734300000000004	0.0951659	-0.139998	-0.00102175	0.0009056200000000002	-0.000403883
0.0199034	0.214509	-0.152502	0.000328622	0.0008003739999999999	-0.000610042
0.032867	-0.00168715	-0.028696199999999998	0.000712643	0.0008003739999999999	-0.000284291
0.00675298	0.250338	-0.129323	-0.0007167839999999999	0.00143647	-0.00028252700000000003
-0.0402659	0.132083	-0.130573	-0.00036883699999999995	0.00151815	0.00045761
0.06263250000000001	0.08821169999999999	-0.06830030000000001	-7.908119999999997e-05	0.00261219	0.00023885400000000001
0.0625329	0.243371	-0.120458	-0.000886908	0.00231005	7.61275e-05
0.0625477	-0.017624299999999996	-0.033258499999999996	0.000858956	0.001957	0.000752704
0.0771913	0.2222780000000001	-0.13933199999999998	-0.000693845	0.00204659	0.00041864699999999996
0.0524547	0.0732373	-0.103788	0.0007513259999999998	0.0018032	0.000505444
0.051979399999999995	0.0792998	-0.148548	-0.00131267	0.001957	0.00037288400000000003
0.09871160000000001	0.154087	-0.12831700000000001	-0.000502213	0.00152755	0.00037288400000000003
0.0430841	-0.0660109	-0.0533623	-0.000431012	0.00156447	0.00031794099999999997
0.027985900000000005	0.255755	-0.134838	-0.0013864	0.00149326	8.453309999999999e-05
0.06339159999999999	0.0457673	-0.0486434	-0.000109515	0.00155811	-0.00010894100000000004
0.07277369999999997	0.13053299999999998	-0.11743700000000006	-0.00180488	0.0008822609999999999	-0.00026599400000000003
0.0181352	0.15962300000000001	-0.0949238	-0.000452364	0.00102456	-0.000147445
0.0264282	0.014012299999999998	-0.041826199999999994	-7.434849999999998e-05	0.00103988	-0.000161243
0.0434799	0.264882	-0.162745	-0.00104839	0.00103988	-7.3465600000000015e-06
0.0183019	0.017594	-0.0466448	-0.00024203400000000002	0.00103988	0.0003595
0.0629278	0.183728	-0.138988	-0.00119782	0.00151249	6.76976e-05
0.0232961	0.11308199999999999	-0.143541	-0.00112507	0.00103988	6.76976e-05
0.0466588	0.00688784	-0.0817923	-0.000734501	0.00155598	6.76976e-05
0.0384684	0.24073699999999998	-0.177103	-0.00166954	0.00133241	-0.000164335
0.0386574	-0.0552497	-0.058188199999999995	-0.00136897	0.00162857	6.76976e-05
0.0445606	0.272093	-0.16703900000000002	-0.00213662	0.00188588	-0.000292895
0.0232653	0.07227869999999999	-0.128887	-0.0013402100000000005	0.0015441299999999995	-0.0005775330000000001
0.0415943	0.036725	-0.0357801	-0.00150201	0.00197775	-9.81163e-06
0.0353597	0.268985	-0.14625	-0.00148401	0.00167805	0.000143627
0.020282400000000003	-0.00494	-0.0349015	-0.00103142	0.00170842	5.56436e-05
0.0494175	0.23648899999999998	-0.110601	-0.000619959	0.0014777999999999998	0.000285439
0.0204465	0.0900522	-0.09339580000000001	-6.45388e-05	0.0008813659999999999	0.000285439
0.05305169999999999	0.07035660000000002	-0.0546582	-0.00103204	0.00169417	0.000285439
0.04051230000000002	0.213296	-0.109615	0.00014916299999999998	0.00107911	0.000185382
0.0803293	-0.057676300000000014	-0.11872700000000005	0.00167508	0.00139769	0.000493126
0.056589199999999985	0.22899499999999998	-0.213423	0.000548556	0.0017417	0.000150334
0.0651182	-0.023067400000000002	-0.21404499999999999	0.00115382	0.00156687	0.00018046900000000002
0.030224599999999997	0.057152199999999986	-0.180221	-0.00035578300000000003	0.00124951	-9.178200000000001e-05
-0.00839836	0.262402	-0.17580499999999996	0.000464093	0.0009267810000000001	-9.178200000000001e-05
-0.0085251	-0.038627499999999995	-0.0893641	0.0007511249999999997	0.00127895	0.000902558
0.0973688	0.246495	-0.21489499999999997	9.686860000000001e-06	0.00134713	0.000196083
0.013082900000000001	0.012914799999999999	-0.143623	0.00044991	0.00149461	0.000326079
0.0498227	0.128168	-0.166727	-0.000691902	0.00156634	0.000411571
